/*--------------------------------*- C++ -*----------------------------------*\
  =========                 |
  \\      /  F ield         | OpenFOAM: The Open Source CFD Toolbox
   \\    /   O peration     | Website:  https://openfoam.org
    \\  /    A nd           | Version:  9
     \\/     M anipulation  |
\*---------------------------------------------------------------------------*/
FoamFile
{
    format      ascii;
    class       vectorField;
    location    "constant/polyMesh";
    object      points;
}
// * * * * * * * * * * * * * * * * * * * * * * * * * * * * * * * * * * * * * //


724
(
(0 0 0)
(1 0 0)
(0 0.002669819642 0)
(1 0.002669819642 0)
(0 0.00543910434 0)
(1 0.00543910434 0)
(0 0.008311559697 0)
(1 0.008311559697 0)
(0 0.01129102937 0)
(1 0.01129102937 0)
(0 0.01438150022 0)
(1 0.01438150022 0)
(0 0.01758710763 0)
(1 0.01758710763 0)
(0 0.02091214106 0)
(1 0.02091214106 0)
(0 0.02436104976 0)
(1 0.02436104976 0)
(0 0.02793844874 0)
(1 0.02793844874 0)
(0 0.03164912496 0)
(1 0.03164912496 0)
(0 0.03549804371 0)
(1 0.03549804371 0)
(0 0.03949035526 0)
(1 0.03949035526 0)
(0 0.04363140175 0)
(1 0.04363140175 0)
(0 0.04792672437 0)
(1 0.04792672437 0)
(0 0.05238207072 0)
(1 0.05238207072 0)
(0 0.05700340254 0)
(1 0.05700340254 0)
(0 0.06179690368 0)
(1 0.06179690368 0)
(0 0.06676898836 0)
(1 0.06676898836 0)
(0 0.07192630977 0)
(1 0.07192630977 0)
(0 0.07727576898 0)
(1 0.07727576898 0)
(0 0.08282452415 0)
(1 0.08282452415 0)
(0 0.08858000011 0)
(1 0.08858000011 0)
(0 0.09454989831 0)
(1 0.09454989831 0)
(0 0.1007422071 0)
(1 0.1007422071 0)
(0 0.1071652126 0)
(1 0.1071652126 0)
(0 0.1138275093 0)
(1 0.1138275093 0)
(0 0.1207380122 0)
(1 0.1207380122 0)
(0 0.1279059683 0)
(1 0.1279059683 0)
(0 0.1353409691 0)
(1 0.1353409691 0)
(0 0.1430529634 0)
(1 0.1430529634 0)
(0 0.1510522707 0)
(1 0.1510522707 0)
(0 0.1593495949 0)
(1 0.1593495949 0)
(0 0.1679560389 0)
(1 0.1679560389 0)
(0 0.1768831189 0)
(1 0.1768831189 0)
(0 0.1861427804 0)
(1 0.1861427804 0)
(0 0.1957474137 0)
(1 0.1957474137 0)
(0 0.205709871 0)
(1 0.205709871 0)
(0 0.2160434831 0)
(1 0.2160434831 0)
(0 0.2267620775 0)
(1 0.2267620775 0)
(0 0.2378799969 0)
(1 0.2378799969 0)
(0 0.2494121181 0)
(1 0.2494121181 0)
(0 0.2613738726 0)
(1 0.2613738726 0)
(0 0.2737812663 0)
(1 0.2737812663 0)
(0 0.2866509018 0)
(1 0.2866509018 0)
(0 0.3 0)
(1 0.3 0)
(0 0.3155555556 0)
(1 0.3155555556 0)
(0 0.3311111111 0)
(1 0.3311111111 0)
(0 0.3466666667 0)
(1 0.3466666667 0)
(0 0.3622222222 0)
(1 0.3622222222 0)
(0 0.3777777778 0)
(1 0.3777777778 0)
(0 0.3933333333 0)
(1 0.3933333333 0)
(0 0.4088888889 0)
(1 0.4088888889 0)
(0 0.4244444444 0)
(1 0.4244444444 0)
(0 0.44 0)
(1 0.44 0)
(0 0.4555555556 0)
(1 0.4555555556 0)
(0 0.4711111111 0)
(1 0.4711111111 0)
(0 0.4866666667 0)
(1 0.4866666667 0)
(0 0.5022222222 0)
(1 0.5022222222 0)
(0 0.5177777778 0)
(1 0.5177777778 0)
(0 0.5333333333 0)
(1 0.5333333333 0)
(0 0.5488888889 0)
(1 0.5488888889 0)
(0 0.5644444444 0)
(1 0.5644444444 0)
(0 0.58 0)
(1 0.58 0)
(0 0.5955555556 0)
(1 0.5955555556 0)
(0 0.6111111111 0)
(1 0.6111111111 0)
(0 0.6266666667 0)
(1 0.6266666667 0)
(0 0.6422222222 0)
(1 0.6422222222 0)
(0 0.6577777778 0)
(1 0.6577777778 0)
(0 0.6733333333 0)
(1 0.6733333333 0)
(0 0.6888888889 0)
(1 0.6888888889 0)
(0 0.7044444444 0)
(1 0.7044444444 0)
(0 0.72 0)
(1 0.72 0)
(0 0.7355555556 0)
(1 0.7355555556 0)
(0 0.7511111111 0)
(1 0.7511111111 0)
(0 0.7666666667 0)
(1 0.7666666667 0)
(0 0.7822222222 0)
(1 0.7822222222 0)
(0 0.7977777778 0)
(1 0.7977777778 0)
(0 0.8133333333 0)
(1 0.8133333333 0)
(0 0.8288888889 0)
(1 0.8288888889 0)
(0 0.8444444444 0)
(1 0.8444444444 0)
(0 0.86 0)
(1 0.86 0)
(0 0.8755555556 0)
(1 0.8755555556 0)
(0 0.8911111111 0)
(1 0.8911111111 0)
(0 0.9066666667 0)
(1 0.9066666667 0)
(0 0.9222222222 0)
(1 0.9222222222 0)
(0 0.9377777778 0)
(1 0.9377777778 0)
(0 0.9533333333 0)
(1 0.9533333333 0)
(0 0.9688888889 0)
(1 0.9688888889 0)
(0 0.9844444444 0)
(1 0.9844444444 0)
(0 1 0)
(1 1 0)
(0 1.015555556 0)
(1 1.015555556 0)
(0 1.031111111 0)
(1 1.031111111 0)
(0 1.046666667 0)
(1 1.046666667 0)
(0 1.062222222 0)
(1 1.062222222 0)
(0 1.077777778 0)
(1 1.077777778 0)
(0 1.093333333 0)
(1 1.093333333 0)
(0 1.108888889 0)
(1 1.108888889 0)
(0 1.124444444 0)
(1 1.124444444 0)
(0 1.14 0)
(1 1.14 0)
(0 1.155555556 0)
(1 1.155555556 0)
(0 1.171111111 0)
(1 1.171111111 0)
(0 1.186666667 0)
(1 1.186666667 0)
(0 1.202222222 0)
(1 1.202222222 0)
(0 1.217777778 0)
(1 1.217777778 0)
(0 1.233333333 0)
(1 1.233333333 0)
(0 1.248888889 0)
(1 1.248888889 0)
(0 1.264444444 0)
(1 1.264444444 0)
(0 1.28 0)
(1 1.28 0)
(0 1.295555556 0)
(1 1.295555556 0)
(0 1.311111111 0)
(1 1.311111111 0)
(0 1.326666667 0)
(1 1.326666667 0)
(0 1.342222222 0)
(1 1.342222222 0)
(0 1.357777778 0)
(1 1.357777778 0)
(0 1.373333333 0)
(1 1.373333333 0)
(0 1.388888889 0)
(1 1.388888889 0)
(0 1.404444444 0)
(1 1.404444444 0)
(0 1.42 0)
(1 1.42 0)
(0 1.435555556 0)
(1 1.435555556 0)
(0 1.451111111 0)
(1 1.451111111 0)
(0 1.466666667 0)
(1 1.466666667 0)
(0 1.482222222 0)
(1 1.482222222 0)
(0 1.497777778 0)
(1 1.497777778 0)
(0 1.513333333 0)
(1 1.513333333 0)
(0 1.528888889 0)
(1 1.528888889 0)
(0 1.544444444 0)
(1 1.544444444 0)
(0 1.56 0)
(1 1.56 0)
(0 1.575555556 0)
(1 1.575555556 0)
(0 1.591111111 0)
(1 1.591111111 0)
(0 1.606666667 0)
(1 1.606666667 0)
(0 1.622222222 0)
(1 1.622222222 0)
(0 1.637777778 0)
(1 1.637777778 0)
(0 1.653333333 0)
(1 1.653333333 0)
(0 1.668888889 0)
(1 1.668888889 0)
(0 1.684444444 0)
(1 1.684444444 0)
(0 1.7 0)
(1 1.7 0)
(0 1.713349098 0)
(1 1.713349098 0)
(0 1.726218734 0)
(1 1.726218734 0)
(0 1.738626127 0)
(1 1.738626127 0)
(0 1.750587882 0)
(1 1.750587882 0)
(0 1.762120003 0)
(1 1.762120003 0)
(0 1.773237922 0)
(1 1.773237922 0)
(0 1.783956517 0)
(1 1.783956517 0)
(0 1.794290129 0)
(1 1.794290129 0)
(0 1.804252586 0)
(1 1.804252586 0)
(0 1.81385722 0)
(1 1.81385722 0)
(0 1.823116881 0)
(1 1.823116881 0)
(0 1.832043961 0)
(1 1.832043961 0)
(0 1.840650405 0)
(1 1.840650405 0)
(0 1.848947729 0)
(1 1.848947729 0)
(0 1.856947037 0)
(1 1.856947037 0)
(0 1.864659031 0)
(1 1.864659031 0)
(0 1.872094032 0)
(1 1.872094032 0)
(0 1.879261988 0)
(1 1.879261988 0)
(0 1.886172491 0)
(1 1.886172491 0)
(0 1.892834787 0)
(1 1.892834787 0)
(0 1.899257793 0)
(1 1.899257793 0)
(0 1.905450102 0)
(1 1.905450102 0)
(0 1.91142 0)
(1 1.91142 0)
(0 1.917175476 0)
(1 1.917175476 0)
(0 1.922724231 0)
(1 1.922724231 0)
(0 1.92807369 0)
(1 1.92807369 0)
(0 1.933231012 0)
(1 1.933231012 0)
(0 1.938203096 0)
(1 1.938203096 0)
(0 1.942996597 0)
(1 1.942996597 0)
(0 1.947617929 0)
(1 1.947617929 0)
(0 1.952073276 0)
(1 1.952073276 0)
(0 1.956368598 0)
(1 1.956368598 0)
(0 1.960509645 0)
(1 1.960509645 0)
(0 1.964501956 0)
(1 1.964501956 0)
(0 1.968350875 0)
(1 1.968350875 0)
(0 1.972061551 0)
(1 1.972061551 0)
(0 1.97563895 0)
(1 1.97563895 0)
(0 1.979087859 0)
(1 1.979087859 0)
(0 1.982412892 0)
(1 1.982412892 0)
(0 1.9856185 0)
(1 1.9856185 0)
(0 1.988708971 0)
(1 1.988708971 0)
(0 1.99168844 0)
(1 1.99168844 0)
(0 1.994560896 0)
(1 1.994560896 0)
(0 1.99733018 0)
(1 1.99733018 0)
(0 2 0)
(1 2 0)
(0 0 1)
(1 0 1)
(0 0.002669819642 1)
(1 0.002669819642 1)
(0 0.00543910434 1)
(1 0.00543910434 1)
(0 0.008311559697 1)
(1 0.008311559697 1)
(0 0.01129102937 1)
(1 0.01129102937 1)
(0 0.01438150022 1)
(1 0.01438150022 1)
(0 0.01758710763 1)
(1 0.01758710763 1)
(0 0.02091214106 1)
(1 0.02091214106 1)
(0 0.02436104976 1)
(1 0.02436104976 1)
(0 0.02793844874 1)
(1 0.02793844874 1)
(0 0.03164912496 1)
(1 0.03164912496 1)
(0 0.03549804371 1)
(1 0.03549804371 1)
(0 0.03949035526 1)
(1 0.03949035526 1)
(0 0.04363140175 1)
(1 0.04363140175 1)
(0 0.04792672437 1)
(1 0.04792672437 1)
(0 0.05238207072 1)
(1 0.05238207072 1)
(0 0.05700340254 1)
(1 0.05700340254 1)
(0 0.06179690368 1)
(1 0.06179690368 1)
(0 0.06676898836 1)
(1 0.06676898836 1)
(0 0.07192630977 1)
(1 0.07192630977 1)
(0 0.07727576898 1)
(1 0.07727576898 1)
(0 0.08282452415 1)
(1 0.08282452415 1)
(0 0.08858000011 1)
(1 0.08858000011 1)
(0 0.09454989831 1)
(1 0.09454989831 1)
(0 0.1007422071 1)
(1 0.1007422071 1)
(0 0.1071652126 1)
(1 0.1071652126 1)
(0 0.1138275093 1)
(1 0.1138275093 1)
(0 0.1207380122 1)
(1 0.1207380122 1)
(0 0.1279059683 1)
(1 0.1279059683 1)
(0 0.1353409691 1)
(1 0.1353409691 1)
(0 0.1430529634 1)
(1 0.1430529634 1)
(0 0.1510522707 1)
(1 0.1510522707 1)
(0 0.1593495949 1)
(1 0.1593495949 1)
(0 0.1679560389 1)
(1 0.1679560389 1)
(0 0.1768831189 1)
(1 0.1768831189 1)
(0 0.1861427804 1)
(1 0.1861427804 1)
(0 0.1957474137 1)
(1 0.1957474137 1)
(0 0.205709871 1)
(1 0.205709871 1)
(0 0.2160434831 1)
(1 0.2160434831 1)
(0 0.2267620775 1)
(1 0.2267620775 1)
(0 0.2378799969 1)
(1 0.2378799969 1)
(0 0.2494121181 1)
(1 0.2494121181 1)
(0 0.2613738726 1)
(1 0.2613738726 1)
(0 0.2737812663 1)
(1 0.2737812663 1)
(0 0.2866509018 1)
(1 0.2866509018 1)
(0 0.3 1)
(1 0.3 1)
(0 0.3155555556 1)
(1 0.3155555556 1)
(0 0.3311111111 1)
(1 0.3311111111 1)
(0 0.3466666667 1)
(1 0.3466666667 1)
(0 0.3622222222 1)
(1 0.3622222222 1)
(0 0.3777777778 1)
(1 0.3777777778 1)
(0 0.3933333333 1)
(1 0.3933333333 1)
(0 0.4088888889 1)
(1 0.4088888889 1)
(0 0.4244444444 1)
(1 0.4244444444 1)
(0 0.44 1)
(1 0.44 1)
(0 0.4555555556 1)
(1 0.4555555556 1)
(0 0.4711111111 1)
(1 0.4711111111 1)
(0 0.4866666667 1)
(1 0.4866666667 1)
(0 0.5022222222 1)
(1 0.5022222222 1)
(0 0.5177777778 1)
(1 0.5177777778 1)
(0 0.5333333333 1)
(1 0.5333333333 1)
(0 0.5488888889 1)
(1 0.5488888889 1)
(0 0.5644444444 1)
(1 0.5644444444 1)
(0 0.58 1)
(1 0.58 1)
(0 0.5955555556 1)
(1 0.5955555556 1)
(0 0.6111111111 1)
(1 0.6111111111 1)
(0 0.6266666667 1)
(1 0.6266666667 1)
(0 0.6422222222 1)
(1 0.6422222222 1)
(0 0.6577777778 1)
(1 0.6577777778 1)
(0 0.6733333333 1)
(1 0.6733333333 1)
(0 0.6888888889 1)
(1 0.6888888889 1)
(0 0.7044444444 1)
(1 0.7044444444 1)
(0 0.72 1)
(1 0.72 1)
(0 0.7355555556 1)
(1 0.7355555556 1)
(0 0.7511111111 1)
(1 0.7511111111 1)
(0 0.7666666667 1)
(1 0.7666666667 1)
(0 0.7822222222 1)
(1 0.7822222222 1)
(0 0.7977777778 1)
(1 0.7977777778 1)
(0 0.8133333333 1)
(1 0.8133333333 1)
(0 0.8288888889 1)
(1 0.8288888889 1)
(0 0.8444444444 1)
(1 0.8444444444 1)
(0 0.86 1)
(1 0.86 1)
(0 0.8755555556 1)
(1 0.8755555556 1)
(0 0.8911111111 1)
(1 0.8911111111 1)
(0 0.9066666667 1)
(1 0.9066666667 1)
(0 0.9222222222 1)
(1 0.9222222222 1)
(0 0.9377777778 1)
(1 0.9377777778 1)
(0 0.9533333333 1)
(1 0.9533333333 1)
(0 0.9688888889 1)
(1 0.9688888889 1)
(0 0.9844444444 1)
(1 0.9844444444 1)
(0 1 1)
(1 1 1)
(0 1.015555556 1)
(1 1.015555556 1)
(0 1.031111111 1)
(1 1.031111111 1)
(0 1.046666667 1)
(1 1.046666667 1)
(0 1.062222222 1)
(1 1.062222222 1)
(0 1.077777778 1)
(1 1.077777778 1)
(0 1.093333333 1)
(1 1.093333333 1)
(0 1.108888889 1)
(1 1.108888889 1)
(0 1.124444444 1)
(1 1.124444444 1)
(0 1.14 1)
(1 1.14 1)
(0 1.155555556 1)
(1 1.155555556 1)
(0 1.171111111 1)
(1 1.171111111 1)
(0 1.186666667 1)
(1 1.186666667 1)
(0 1.202222222 1)
(1 1.202222222 1)
(0 1.217777778 1)
(1 1.217777778 1)
(0 1.233333333 1)
(1 1.233333333 1)
(0 1.248888889 1)
(1 1.248888889 1)
(0 1.264444444 1)
(1 1.264444444 1)
(0 1.28 1)
(1 1.28 1)
(0 1.295555556 1)
(1 1.295555556 1)
(0 1.311111111 1)
(1 1.311111111 1)
(0 1.326666667 1)
(1 1.326666667 1)
(0 1.342222222 1)
(1 1.342222222 1)
(0 1.357777778 1)
(1 1.357777778 1)
(0 1.373333333 1)
(1 1.373333333 1)
(0 1.388888889 1)
(1 1.388888889 1)
(0 1.404444444 1)
(1 1.404444444 1)
(0 1.42 1)
(1 1.42 1)
(0 1.435555556 1)
(1 1.435555556 1)
(0 1.451111111 1)
(1 1.451111111 1)
(0 1.466666667 1)
(1 1.466666667 1)
(0 1.482222222 1)
(1 1.482222222 1)
(0 1.497777778 1)
(1 1.497777778 1)
(0 1.513333333 1)
(1 1.513333333 1)
(0 1.528888889 1)
(1 1.528888889 1)
(0 1.544444444 1)
(1 1.544444444 1)
(0 1.56 1)
(1 1.56 1)
(0 1.575555556 1)
(1 1.575555556 1)
(0 1.591111111 1)
(1 1.591111111 1)
(0 1.606666667 1)
(1 1.606666667 1)
(0 1.622222222 1)
(1 1.622222222 1)
(0 1.637777778 1)
(1 1.637777778 1)
(0 1.653333333 1)
(1 1.653333333 1)
(0 1.668888889 1)
(1 1.668888889 1)
(0 1.684444444 1)
(1 1.684444444 1)
(0 1.7 1)
(1 1.7 1)
(0 1.713349098 1)
(1 1.713349098 1)
(0 1.726218734 1)
(1 1.726218734 1)
(0 1.738626127 1)
(1 1.738626127 1)
(0 1.750587882 1)
(1 1.750587882 1)
(0 1.762120003 1)
(1 1.762120003 1)
(0 1.773237922 1)
(1 1.773237922 1)
(0 1.783956517 1)
(1 1.783956517 1)
(0 1.794290129 1)
(1 1.794290129 1)
(0 1.804252586 1)
(1 1.804252586 1)
(0 1.81385722 1)
(1 1.81385722 1)
(0 1.823116881 1)
(1 1.823116881 1)
(0 1.832043961 1)
(1 1.832043961 1)
(0 1.840650405 1)
(1 1.840650405 1)
(0 1.848947729 1)
(1 1.848947729 1)
(0 1.856947037 1)
(1 1.856947037 1)
(0 1.864659031 1)
(1 1.864659031 1)
(0 1.872094032 1)
(1 1.872094032 1)
(0 1.879261988 1)
(1 1.879261988 1)
(0 1.886172491 1)
(1 1.886172491 1)
(0 1.892834787 1)
(1 1.892834787 1)
(0 1.899257793 1)
(1 1.899257793 1)
(0 1.905450102 1)
(1 1.905450102 1)
(0 1.91142 1)
(1 1.91142 1)
(0 1.917175476 1)
(1 1.917175476 1)
(0 1.922724231 1)
(1 1.922724231 1)
(0 1.92807369 1)
(1 1.92807369 1)
(0 1.933231012 1)
(1 1.933231012 1)
(0 1.938203096 1)
(1 1.938203096 1)
(0 1.942996597 1)
(1 1.942996597 1)
(0 1.947617929 1)
(1 1.947617929 1)
(0 1.952073276 1)
(1 1.952073276 1)
(0 1.956368598 1)
(1 1.956368598 1)
(0 1.960509645 1)
(1 1.960509645 1)
(0 1.964501956 1)
(1 1.964501956 1)
(0 1.968350875 1)
(1 1.968350875 1)
(0 1.972061551 1)
(1 1.972061551 1)
(0 1.97563895 1)
(1 1.97563895 1)
(0 1.979087859 1)
(1 1.979087859 1)
(0 1.982412892 1)
(1 1.982412892 1)
(0 1.9856185 1)
(1 1.9856185 1)
(0 1.988708971 1)
(1 1.988708971 1)
(0 1.99168844 1)
(1 1.99168844 1)
(0 1.994560896 1)
(1 1.994560896 1)
(0 1.99733018 1)
(1 1.99733018 1)
(0 2 1)
(1 2 1)
)


// ************************************************************************* //
