/*--------------------------------*- C++ -*----------------------------------*\
  =========                 |
  \\      /  F ield         | OpenFOAM: The Open Source CFD Toolbox
   \\    /   O peration     | Website:  https://openfoam.org
    \\  /    A nd           | Version:  9
     \\/     M anipulation  |
\*---------------------------------------------------------------------------*/
FoamFile
{
    format      ascii;
    class       vectorField;
    location    "constant/polyMesh";
    object      points;
}
// * * * * * * * * * * * * * * * * * * * * * * * * * * * * * * * * * * * * * //


2142
(
(0 0 0)
(0.05 0 0)
(0.1 0 0)
(0.15 0 0)
(0.2 0 0)
(0.25 0 0)
(0.3 0 0)
(0.35 0 0)
(0.4 0 0)
(0.45 0 0)
(0.5 0 0)
(0.55 0 0)
(0.6 0 0)
(0.65 0 0)
(0.7 0 0)
(0.75 0 0)
(0.8 0 0)
(0.85 0 0)
(0.9 0 0)
(0.95 0 0)
(1 0 0)
(0 0.04 0)
(0.05 0.04 0)
(0.1 0.04 0)
(0.15 0.04 0)
(0.2 0.04 0)
(0.25 0.04 0)
(0.3 0.04 0)
(0.35 0.04 0)
(0.4 0.04 0)
(0.45 0.04 0)
(0.5 0.04 0)
(0.55 0.04 0)
(0.6 0.04 0)
(0.65 0.04 0)
(0.7 0.04 0)
(0.75 0.04 0)
(0.8 0.04 0)
(0.85 0.04 0)
(0.9 0.04 0)
(0.95 0.04 0)
(1 0.04 0)
(0 0.08 0)
(0.05 0.08 0)
(0.1 0.08 0)
(0.15 0.08 0)
(0.2 0.08 0)
(0.25 0.08 0)
(0.3 0.08 0)
(0.35 0.08 0)
(0.4 0.08 0)
(0.45 0.08 0)
(0.5 0.08 0)
(0.55 0.08 0)
(0.6 0.08 0)
(0.65 0.08 0)
(0.7 0.08 0)
(0.75 0.08 0)
(0.8 0.08 0)
(0.85 0.08 0)
(0.9 0.08 0)
(0.95 0.08 0)
(1 0.08 0)
(0 0.12 0)
(0.05 0.12 0)
(0.1 0.12 0)
(0.15 0.12 0)
(0.2 0.12 0)
(0.25 0.12 0)
(0.3 0.12 0)
(0.35 0.12 0)
(0.4 0.12 0)
(0.45 0.12 0)
(0.5 0.12 0)
(0.55 0.12 0)
(0.6 0.12 0)
(0.65 0.12 0)
(0.7 0.12 0)
(0.75 0.12 0)
(0.8 0.12 0)
(0.85 0.12 0)
(0.9 0.12 0)
(0.95 0.12 0)
(1 0.12 0)
(0 0.16 0)
(0.05 0.16 0)
(0.1 0.16 0)
(0.15 0.16 0)
(0.2 0.16 0)
(0.25 0.16 0)
(0.3 0.16 0)
(0.35 0.16 0)
(0.4 0.16 0)
(0.45 0.16 0)
(0.5 0.16 0)
(0.55 0.16 0)
(0.6 0.16 0)
(0.65 0.16 0)
(0.7 0.16 0)
(0.75 0.16 0)
(0.8 0.16 0)
(0.85 0.16 0)
(0.9 0.16 0)
(0.95 0.16 0)
(1 0.16 0)
(0 0.2 0)
(0.05 0.2 0)
(0.1 0.2 0)
(0.15 0.2 0)
(0.2 0.2 0)
(0.25 0.2 0)
(0.3 0.2 0)
(0.35 0.2 0)
(0.4 0.2 0)
(0.45 0.2 0)
(0.5 0.2 0)
(0.55 0.2 0)
(0.6 0.2 0)
(0.65 0.2 0)
(0.7 0.2 0)
(0.75 0.2 0)
(0.8 0.2 0)
(0.85 0.2 0)
(0.9 0.2 0)
(0.95 0.2 0)
(1 0.2 0)
(0 0.24 0)
(0.05 0.24 0)
(0.1 0.24 0)
(0.15 0.24 0)
(0.2 0.24 0)
(0.25 0.24 0)
(0.3 0.24 0)
(0.35 0.24 0)
(0.4 0.24 0)
(0.45 0.24 0)
(0.5 0.24 0)
(0.55 0.24 0)
(0.6 0.24 0)
(0.65 0.24 0)
(0.7 0.24 0)
(0.75 0.24 0)
(0.8 0.24 0)
(0.85 0.24 0)
(0.9 0.24 0)
(0.95 0.24 0)
(1 0.24 0)
(0 0.28 0)
(0.05 0.28 0)
(0.1 0.28 0)
(0.15 0.28 0)
(0.2 0.28 0)
(0.25 0.28 0)
(0.3 0.28 0)
(0.35 0.28 0)
(0.4 0.28 0)
(0.45 0.28 0)
(0.5 0.28 0)
(0.55 0.28 0)
(0.6 0.28 0)
(0.65 0.28 0)
(0.7 0.28 0)
(0.75 0.28 0)
(0.8 0.28 0)
(0.85 0.28 0)
(0.9 0.28 0)
(0.95 0.28 0)
(1 0.28 0)
(0 0.32 0)
(0.05 0.32 0)
(0.1 0.32 0)
(0.15 0.32 0)
(0.2 0.32 0)
(0.25 0.32 0)
(0.3 0.32 0)
(0.35 0.32 0)
(0.4 0.32 0)
(0.45 0.32 0)
(0.5 0.32 0)
(0.55 0.32 0)
(0.6 0.32 0)
(0.65 0.32 0)
(0.7 0.32 0)
(0.75 0.32 0)
(0.8 0.32 0)
(0.85 0.32 0)
(0.9 0.32 0)
(0.95 0.32 0)
(1 0.32 0)
(0 0.36 0)
(0.05 0.36 0)
(0.1 0.36 0)
(0.15 0.36 0)
(0.2 0.36 0)
(0.25 0.36 0)
(0.3 0.36 0)
(0.35 0.36 0)
(0.4 0.36 0)
(0.45 0.36 0)
(0.5 0.36 0)
(0.55 0.36 0)
(0.6 0.36 0)
(0.65 0.36 0)
(0.7 0.36 0)
(0.75 0.36 0)
(0.8 0.36 0)
(0.85 0.36 0)
(0.9 0.36 0)
(0.95 0.36 0)
(1 0.36 0)
(0 0.4 0)
(0.05 0.4 0)
(0.1 0.4 0)
(0.15 0.4 0)
(0.2 0.4 0)
(0.25 0.4 0)
(0.3 0.4 0)
(0.35 0.4 0)
(0.4 0.4 0)
(0.45 0.4 0)
(0.5 0.4 0)
(0.55 0.4 0)
(0.6 0.4 0)
(0.65 0.4 0)
(0.7 0.4 0)
(0.75 0.4 0)
(0.8 0.4 0)
(0.85 0.4 0)
(0.9 0.4 0)
(0.95 0.4 0)
(1 0.4 0)
(0 0.44 0)
(0.05 0.44 0)
(0.1 0.44 0)
(0.15 0.44 0)
(0.2 0.44 0)
(0.25 0.44 0)
(0.3 0.44 0)
(0.35 0.44 0)
(0.4 0.44 0)
(0.45 0.44 0)
(0.5 0.44 0)
(0.55 0.44 0)
(0.6 0.44 0)
(0.65 0.44 0)
(0.7 0.44 0)
(0.75 0.44 0)
(0.8 0.44 0)
(0.85 0.44 0)
(0.9 0.44 0)
(0.95 0.44 0)
(1 0.44 0)
(0 0.48 0)
(0.05 0.48 0)
(0.1 0.48 0)
(0.15 0.48 0)
(0.2 0.48 0)
(0.25 0.48 0)
(0.3 0.48 0)
(0.35 0.48 0)
(0.4 0.48 0)
(0.45 0.48 0)
(0.5 0.48 0)
(0.55 0.48 0)
(0.6 0.48 0)
(0.65 0.48 0)
(0.7 0.48 0)
(0.75 0.48 0)
(0.8 0.48 0)
(0.85 0.48 0)
(0.9 0.48 0)
(0.95 0.48 0)
(1 0.48 0)
(0 0.52 0)
(0.05 0.52 0)
(0.1 0.52 0)
(0.15 0.52 0)
(0.2 0.52 0)
(0.25 0.52 0)
(0.3 0.52 0)
(0.35 0.52 0)
(0.4 0.52 0)
(0.45 0.52 0)
(0.5 0.52 0)
(0.55 0.52 0)
(0.6 0.52 0)
(0.65 0.52 0)
(0.7 0.52 0)
(0.75 0.52 0)
(0.8 0.52 0)
(0.85 0.52 0)
(0.9 0.52 0)
(0.95 0.52 0)
(1 0.52 0)
(0 0.56 0)
(0.05 0.56 0)
(0.1 0.56 0)
(0.15 0.56 0)
(0.2 0.56 0)
(0.25 0.56 0)
(0.3 0.56 0)
(0.35 0.56 0)
(0.4 0.56 0)
(0.45 0.56 0)
(0.5 0.56 0)
(0.55 0.56 0)
(0.6 0.56 0)
(0.65 0.56 0)
(0.7 0.56 0)
(0.75 0.56 0)
(0.8 0.56 0)
(0.85 0.56 0)
(0.9 0.56 0)
(0.95 0.56 0)
(1 0.56 0)
(0 0.6 0)
(0.05 0.6 0)
(0.1 0.6 0)
(0.15 0.6 0)
(0.2 0.6 0)
(0.25 0.6 0)
(0.3 0.6 0)
(0.35 0.6 0)
(0.4 0.6 0)
(0.45 0.6 0)
(0.5 0.6 0)
(0.55 0.6 0)
(0.6 0.6 0)
(0.65 0.6 0)
(0.7 0.6 0)
(0.75 0.6 0)
(0.8 0.6 0)
(0.85 0.6 0)
(0.9 0.6 0)
(0.95 0.6 0)
(1 0.6 0)
(0 0.64 0)
(0.05 0.64 0)
(0.1 0.64 0)
(0.15 0.64 0)
(0.2 0.64 0)
(0.25 0.64 0)
(0.3 0.64 0)
(0.35 0.64 0)
(0.4 0.64 0)
(0.45 0.64 0)
(0.5 0.64 0)
(0.55 0.64 0)
(0.6 0.64 0)
(0.65 0.64 0)
(0.7 0.64 0)
(0.75 0.64 0)
(0.8 0.64 0)
(0.85 0.64 0)
(0.9 0.64 0)
(0.95 0.64 0)
(1 0.64 0)
(0 0.68 0)
(0.05 0.68 0)
(0.1 0.68 0)
(0.15 0.68 0)
(0.2 0.68 0)
(0.25 0.68 0)
(0.3 0.68 0)
(0.35 0.68 0)
(0.4 0.68 0)
(0.45 0.68 0)
(0.5 0.68 0)
(0.55 0.68 0)
(0.6 0.68 0)
(0.65 0.68 0)
(0.7 0.68 0)
(0.75 0.68 0)
(0.8 0.68 0)
(0.85 0.68 0)
(0.9 0.68 0)
(0.95 0.68 0)
(1 0.68 0)
(0 0.72 0)
(0.05 0.72 0)
(0.1 0.72 0)
(0.15 0.72 0)
(0.2 0.72 0)
(0.25 0.72 0)
(0.3 0.72 0)
(0.35 0.72 0)
(0.4 0.72 0)
(0.45 0.72 0)
(0.5 0.72 0)
(0.55 0.72 0)
(0.6 0.72 0)
(0.65 0.72 0)
(0.7 0.72 0)
(0.75 0.72 0)
(0.8 0.72 0)
(0.85 0.72 0)
(0.9 0.72 0)
(0.95 0.72 0)
(1 0.72 0)
(0 0.76 0)
(0.05 0.76 0)
(0.1 0.76 0)
(0.15 0.76 0)
(0.2 0.76 0)
(0.25 0.76 0)
(0.3 0.76 0)
(0.35 0.76 0)
(0.4 0.76 0)
(0.45 0.76 0)
(0.5 0.76 0)
(0.55 0.76 0)
(0.6 0.76 0)
(0.65 0.76 0)
(0.7 0.76 0)
(0.75 0.76 0)
(0.8 0.76 0)
(0.85 0.76 0)
(0.9 0.76 0)
(0.95 0.76 0)
(1 0.76 0)
(0 0.8 0)
(0.05 0.8 0)
(0.1 0.8 0)
(0.15 0.8 0)
(0.2 0.8 0)
(0.25 0.8 0)
(0.3 0.8 0)
(0.35 0.8 0)
(0.4 0.8 0)
(0.45 0.8 0)
(0.5 0.8 0)
(0.55 0.8 0)
(0.6 0.8 0)
(0.65 0.8 0)
(0.7 0.8 0)
(0.75 0.8 0)
(0.8 0.8 0)
(0.85 0.8 0)
(0.9 0.8 0)
(0.95 0.8 0)
(1 0.8 0)
(0 0.84 0)
(0.05 0.84 0)
(0.1 0.84 0)
(0.15 0.84 0)
(0.2 0.84 0)
(0.25 0.84 0)
(0.3 0.84 0)
(0.35 0.84 0)
(0.4 0.84 0)
(0.45 0.84 0)
(0.5 0.84 0)
(0.55 0.84 0)
(0.6 0.84 0)
(0.65 0.84 0)
(0.7 0.84 0)
(0.75 0.84 0)
(0.8 0.84 0)
(0.85 0.84 0)
(0.9 0.84 0)
(0.95 0.84 0)
(1 0.84 0)
(0 0.88 0)
(0.05 0.88 0)
(0.1 0.88 0)
(0.15 0.88 0)
(0.2 0.88 0)
(0.25 0.88 0)
(0.3 0.88 0)
(0.35 0.88 0)
(0.4 0.88 0)
(0.45 0.88 0)
(0.5 0.88 0)
(0.55 0.88 0)
(0.6 0.88 0)
(0.65 0.88 0)
(0.7 0.88 0)
(0.75 0.88 0)
(0.8 0.88 0)
(0.85 0.88 0)
(0.9 0.88 0)
(0.95 0.88 0)
(1 0.88 0)
(0 0.92 0)
(0.05 0.92 0)
(0.1 0.92 0)
(0.15 0.92 0)
(0.2 0.92 0)
(0.25 0.92 0)
(0.3 0.92 0)
(0.35 0.92 0)
(0.4 0.92 0)
(0.45 0.92 0)
(0.5 0.92 0)
(0.55 0.92 0)
(0.6 0.92 0)
(0.65 0.92 0)
(0.7 0.92 0)
(0.75 0.92 0)
(0.8 0.92 0)
(0.85 0.92 0)
(0.9 0.92 0)
(0.95 0.92 0)
(1 0.92 0)
(0 0.96 0)
(0.05 0.96 0)
(0.1 0.96 0)
(0.15 0.96 0)
(0.2 0.96 0)
(0.25 0.96 0)
(0.3 0.96 0)
(0.35 0.96 0)
(0.4 0.96 0)
(0.45 0.96 0)
(0.5 0.96 0)
(0.55 0.96 0)
(0.6 0.96 0)
(0.65 0.96 0)
(0.7 0.96 0)
(0.75 0.96 0)
(0.8 0.96 0)
(0.85 0.96 0)
(0.9 0.96 0)
(0.95 0.96 0)
(1 0.96 0)
(0 1 0)
(0.05 1 0)
(0.1 1 0)
(0.15 1 0)
(0.2 1 0)
(0.25 1 0)
(0.3 1 0)
(0.35 1 0)
(0.4 1 0)
(0.45 1 0)
(0.5 1 0)
(0.55 1 0)
(0.6 1 0)
(0.65 1 0)
(0.7 1 0)
(0.75 1 0)
(0.8 1 0)
(0.85 1 0)
(0.9 1 0)
(0.95 1 0)
(1 1 0)
(0 1.04 0)
(0.05 1.04 0)
(0.1 1.04 0)
(0.15 1.04 0)
(0.2 1.04 0)
(0.25 1.04 0)
(0.3 1.04 0)
(0.35 1.04 0)
(0.4 1.04 0)
(0.45 1.04 0)
(0.5 1.04 0)
(0.55 1.04 0)
(0.6 1.04 0)
(0.65 1.04 0)
(0.7 1.04 0)
(0.75 1.04 0)
(0.8 1.04 0)
(0.85 1.04 0)
(0.9 1.04 0)
(0.95 1.04 0)
(1 1.04 0)
(0 1.08 0)
(0.05 1.08 0)
(0.1 1.08 0)
(0.15 1.08 0)
(0.2 1.08 0)
(0.25 1.08 0)
(0.3 1.08 0)
(0.35 1.08 0)
(0.4 1.08 0)
(0.45 1.08 0)
(0.5 1.08 0)
(0.55 1.08 0)
(0.6 1.08 0)
(0.65 1.08 0)
(0.7 1.08 0)
(0.75 1.08 0)
(0.8 1.08 0)
(0.85 1.08 0)
(0.9 1.08 0)
(0.95 1.08 0)
(1 1.08 0)
(0 1.12 0)
(0.05 1.12 0)
(0.1 1.12 0)
(0.15 1.12 0)
(0.2 1.12 0)
(0.25 1.12 0)
(0.3 1.12 0)
(0.35 1.12 0)
(0.4 1.12 0)
(0.45 1.12 0)
(0.5 1.12 0)
(0.55 1.12 0)
(0.6 1.12 0)
(0.65 1.12 0)
(0.7 1.12 0)
(0.75 1.12 0)
(0.8 1.12 0)
(0.85 1.12 0)
(0.9 1.12 0)
(0.95 1.12 0)
(1 1.12 0)
(0 1.16 0)
(0.05 1.16 0)
(0.1 1.16 0)
(0.15 1.16 0)
(0.2 1.16 0)
(0.25 1.16 0)
(0.3 1.16 0)
(0.35 1.16 0)
(0.4 1.16 0)
(0.45 1.16 0)
(0.5 1.16 0)
(0.55 1.16 0)
(0.6 1.16 0)
(0.65 1.16 0)
(0.7 1.16 0)
(0.75 1.16 0)
(0.8 1.16 0)
(0.85 1.16 0)
(0.9 1.16 0)
(0.95 1.16 0)
(1 1.16 0)
(0 1.2 0)
(0.05 1.2 0)
(0.1 1.2 0)
(0.15 1.2 0)
(0.2 1.2 0)
(0.25 1.2 0)
(0.3 1.2 0)
(0.35 1.2 0)
(0.4 1.2 0)
(0.45 1.2 0)
(0.5 1.2 0)
(0.55 1.2 0)
(0.6 1.2 0)
(0.65 1.2 0)
(0.7 1.2 0)
(0.75 1.2 0)
(0.8 1.2 0)
(0.85 1.2 0)
(0.9 1.2 0)
(0.95 1.2 0)
(1 1.2 0)
(0 1.24 0)
(0.05 1.24 0)
(0.1 1.24 0)
(0.15 1.24 0)
(0.2 1.24 0)
(0.25 1.24 0)
(0.3 1.24 0)
(0.35 1.24 0)
(0.4 1.24 0)
(0.45 1.24 0)
(0.5 1.24 0)
(0.55 1.24 0)
(0.6 1.24 0)
(0.65 1.24 0)
(0.7 1.24 0)
(0.75 1.24 0)
(0.8 1.24 0)
(0.85 1.24 0)
(0.9 1.24 0)
(0.95 1.24 0)
(1 1.24 0)
(0 1.28 0)
(0.05 1.28 0)
(0.1 1.28 0)
(0.15 1.28 0)
(0.2 1.28 0)
(0.25 1.28 0)
(0.3 1.28 0)
(0.35 1.28 0)
(0.4 1.28 0)
(0.45 1.28 0)
(0.5 1.28 0)
(0.55 1.28 0)
(0.6 1.28 0)
(0.65 1.28 0)
(0.7 1.28 0)
(0.75 1.28 0)
(0.8 1.28 0)
(0.85 1.28 0)
(0.9 1.28 0)
(0.95 1.28 0)
(1 1.28 0)
(0 1.32 0)
(0.05 1.32 0)
(0.1 1.32 0)
(0.15 1.32 0)
(0.2 1.32 0)
(0.25 1.32 0)
(0.3 1.32 0)
(0.35 1.32 0)
(0.4 1.32 0)
(0.45 1.32 0)
(0.5 1.32 0)
(0.55 1.32 0)
(0.6 1.32 0)
(0.65 1.32 0)
(0.7 1.32 0)
(0.75 1.32 0)
(0.8 1.32 0)
(0.85 1.32 0)
(0.9 1.32 0)
(0.95 1.32 0)
(1 1.32 0)
(0 1.36 0)
(0.05 1.36 0)
(0.1 1.36 0)
(0.15 1.36 0)
(0.2 1.36 0)
(0.25 1.36 0)
(0.3 1.36 0)
(0.35 1.36 0)
(0.4 1.36 0)
(0.45 1.36 0)
(0.5 1.36 0)
(0.55 1.36 0)
(0.6 1.36 0)
(0.65 1.36 0)
(0.7 1.36 0)
(0.75 1.36 0)
(0.8 1.36 0)
(0.85 1.36 0)
(0.9 1.36 0)
(0.95 1.36 0)
(1 1.36 0)
(0 1.4 0)
(0.05 1.4 0)
(0.1 1.4 0)
(0.15 1.4 0)
(0.2 1.4 0)
(0.25 1.4 0)
(0.3 1.4 0)
(0.35 1.4 0)
(0.4 1.4 0)
(0.45 1.4 0)
(0.5 1.4 0)
(0.55 1.4 0)
(0.6 1.4 0)
(0.65 1.4 0)
(0.7 1.4 0)
(0.75 1.4 0)
(0.8 1.4 0)
(0.85 1.4 0)
(0.9 1.4 0)
(0.95 1.4 0)
(1 1.4 0)
(0 1.44 0)
(0.05 1.44 0)
(0.1 1.44 0)
(0.15 1.44 0)
(0.2 1.44 0)
(0.25 1.44 0)
(0.3 1.44 0)
(0.35 1.44 0)
(0.4 1.44 0)
(0.45 1.44 0)
(0.5 1.44 0)
(0.55 1.44 0)
(0.6 1.44 0)
(0.65 1.44 0)
(0.7 1.44 0)
(0.75 1.44 0)
(0.8 1.44 0)
(0.85 1.44 0)
(0.9 1.44 0)
(0.95 1.44 0)
(1 1.44 0)
(0 1.48 0)
(0.05 1.48 0)
(0.1 1.48 0)
(0.15 1.48 0)
(0.2 1.48 0)
(0.25 1.48 0)
(0.3 1.48 0)
(0.35 1.48 0)
(0.4 1.48 0)
(0.45 1.48 0)
(0.5 1.48 0)
(0.55 1.48 0)
(0.6 1.48 0)
(0.65 1.48 0)
(0.7 1.48 0)
(0.75 1.48 0)
(0.8 1.48 0)
(0.85 1.48 0)
(0.9 1.48 0)
(0.95 1.48 0)
(1 1.48 0)
(0 1.52 0)
(0.05 1.52 0)
(0.1 1.52 0)
(0.15 1.52 0)
(0.2 1.52 0)
(0.25 1.52 0)
(0.3 1.52 0)
(0.35 1.52 0)
(0.4 1.52 0)
(0.45 1.52 0)
(0.5 1.52 0)
(0.55 1.52 0)
(0.6 1.52 0)
(0.65 1.52 0)
(0.7 1.52 0)
(0.75 1.52 0)
(0.8 1.52 0)
(0.85 1.52 0)
(0.9 1.52 0)
(0.95 1.52 0)
(1 1.52 0)
(0 1.56 0)
(0.05 1.56 0)
(0.1 1.56 0)
(0.15 1.56 0)
(0.2 1.56 0)
(0.25 1.56 0)
(0.3 1.56 0)
(0.35 1.56 0)
(0.4 1.56 0)
(0.45 1.56 0)
(0.5 1.56 0)
(0.55 1.56 0)
(0.6 1.56 0)
(0.65 1.56 0)
(0.7 1.56 0)
(0.75 1.56 0)
(0.8 1.56 0)
(0.85 1.56 0)
(0.9 1.56 0)
(0.95 1.56 0)
(1 1.56 0)
(0 1.6 0)
(0.05 1.6 0)
(0.1 1.6 0)
(0.15 1.6 0)
(0.2 1.6 0)
(0.25 1.6 0)
(0.3 1.6 0)
(0.35 1.6 0)
(0.4 1.6 0)
(0.45 1.6 0)
(0.5 1.6 0)
(0.55 1.6 0)
(0.6 1.6 0)
(0.65 1.6 0)
(0.7 1.6 0)
(0.75 1.6 0)
(0.8 1.6 0)
(0.85 1.6 0)
(0.9 1.6 0)
(0.95 1.6 0)
(1 1.6 0)
(0 1.64 0)
(0.05 1.64 0)
(0.1 1.64 0)
(0.15 1.64 0)
(0.2 1.64 0)
(0.25 1.64 0)
(0.3 1.64 0)
(0.35 1.64 0)
(0.4 1.64 0)
(0.45 1.64 0)
(0.5 1.64 0)
(0.55 1.64 0)
(0.6 1.64 0)
(0.65 1.64 0)
(0.7 1.64 0)
(0.75 1.64 0)
(0.8 1.64 0)
(0.85 1.64 0)
(0.9 1.64 0)
(0.95 1.64 0)
(1 1.64 0)
(0 1.68 0)
(0.05 1.68 0)
(0.1 1.68 0)
(0.15 1.68 0)
(0.2 1.68 0)
(0.25 1.68 0)
(0.3 1.68 0)
(0.35 1.68 0)
(0.4 1.68 0)
(0.45 1.68 0)
(0.5 1.68 0)
(0.55 1.68 0)
(0.6 1.68 0)
(0.65 1.68 0)
(0.7 1.68 0)
(0.75 1.68 0)
(0.8 1.68 0)
(0.85 1.68 0)
(0.9 1.68 0)
(0.95 1.68 0)
(1 1.68 0)
(0 1.72 0)
(0.05 1.72 0)
(0.1 1.72 0)
(0.15 1.72 0)
(0.2 1.72 0)
(0.25 1.72 0)
(0.3 1.72 0)
(0.35 1.72 0)
(0.4 1.72 0)
(0.45 1.72 0)
(0.5 1.72 0)
(0.55 1.72 0)
(0.6 1.72 0)
(0.65 1.72 0)
(0.7 1.72 0)
(0.75 1.72 0)
(0.8 1.72 0)
(0.85 1.72 0)
(0.9 1.72 0)
(0.95 1.72 0)
(1 1.72 0)
(0 1.76 0)
(0.05 1.76 0)
(0.1 1.76 0)
(0.15 1.76 0)
(0.2 1.76 0)
(0.25 1.76 0)
(0.3 1.76 0)
(0.35 1.76 0)
(0.4 1.76 0)
(0.45 1.76 0)
(0.5 1.76 0)
(0.55 1.76 0)
(0.6 1.76 0)
(0.65 1.76 0)
(0.7 1.76 0)
(0.75 1.76 0)
(0.8 1.76 0)
(0.85 1.76 0)
(0.9 1.76 0)
(0.95 1.76 0)
(1 1.76 0)
(0 1.8 0)
(0.05 1.8 0)
(0.1 1.8 0)
(0.15 1.8 0)
(0.2 1.8 0)
(0.25 1.8 0)
(0.3 1.8 0)
(0.35 1.8 0)
(0.4 1.8 0)
(0.45 1.8 0)
(0.5 1.8 0)
(0.55 1.8 0)
(0.6 1.8 0)
(0.65 1.8 0)
(0.7 1.8 0)
(0.75 1.8 0)
(0.8 1.8 0)
(0.85 1.8 0)
(0.9 1.8 0)
(0.95 1.8 0)
(1 1.8 0)
(0 1.84 0)
(0.05 1.84 0)
(0.1 1.84 0)
(0.15 1.84 0)
(0.2 1.84 0)
(0.25 1.84 0)
(0.3 1.84 0)
(0.35 1.84 0)
(0.4 1.84 0)
(0.45 1.84 0)
(0.5 1.84 0)
(0.55 1.84 0)
(0.6 1.84 0)
(0.65 1.84 0)
(0.7 1.84 0)
(0.75 1.84 0)
(0.8 1.84 0)
(0.85 1.84 0)
(0.9 1.84 0)
(0.95 1.84 0)
(1 1.84 0)
(0 1.88 0)
(0.05 1.88 0)
(0.1 1.88 0)
(0.15 1.88 0)
(0.2 1.88 0)
(0.25 1.88 0)
(0.3 1.88 0)
(0.35 1.88 0)
(0.4 1.88 0)
(0.45 1.88 0)
(0.5 1.88 0)
(0.55 1.88 0)
(0.6 1.88 0)
(0.65 1.88 0)
(0.7 1.88 0)
(0.75 1.88 0)
(0.8 1.88 0)
(0.85 1.88 0)
(0.9 1.88 0)
(0.95 1.88 0)
(1 1.88 0)
(0 1.92 0)
(0.05 1.92 0)
(0.1 1.92 0)
(0.15 1.92 0)
(0.2 1.92 0)
(0.25 1.92 0)
(0.3 1.92 0)
(0.35 1.92 0)
(0.4 1.92 0)
(0.45 1.92 0)
(0.5 1.92 0)
(0.55 1.92 0)
(0.6 1.92 0)
(0.65 1.92 0)
(0.7 1.92 0)
(0.75 1.92 0)
(0.8 1.92 0)
(0.85 1.92 0)
(0.9 1.92 0)
(0.95 1.92 0)
(1 1.92 0)
(0 1.96 0)
(0.05 1.96 0)
(0.1 1.96 0)
(0.15 1.96 0)
(0.2 1.96 0)
(0.25 1.96 0)
(0.3 1.96 0)
(0.35 1.96 0)
(0.4 1.96 0)
(0.45 1.96 0)
(0.5 1.96 0)
(0.55 1.96 0)
(0.6 1.96 0)
(0.65 1.96 0)
(0.7 1.96 0)
(0.75 1.96 0)
(0.8 1.96 0)
(0.85 1.96 0)
(0.9 1.96 0)
(0.95 1.96 0)
(1 1.96 0)
(0 2 0)
(0.05 2 0)
(0.1 2 0)
(0.15 2 0)
(0.2 2 0)
(0.25 2 0)
(0.3 2 0)
(0.35 2 0)
(0.4 2 0)
(0.45 2 0)
(0.5 2 0)
(0.55 2 0)
(0.6 2 0)
(0.65 2 0)
(0.7 2 0)
(0.75 2 0)
(0.8 2 0)
(0.85 2 0)
(0.9 2 0)
(0.95 2 0)
(1 2 0)
(0 0 0.1)
(0.05 0 0.1)
(0.1 0 0.1)
(0.15 0 0.1)
(0.2 0 0.1)
(0.25 0 0.1)
(0.3 0 0.1)
(0.35 0 0.1)
(0.4 0 0.1)
(0.45 0 0.1)
(0.5 0 0.1)
(0.55 0 0.1)
(0.6 0 0.1)
(0.65 0 0.1)
(0.7 0 0.1)
(0.75 0 0.1)
(0.8 0 0.1)
(0.85 0 0.1)
(0.9 0 0.1)
(0.95 0 0.1)
(1 0 0.1)
(0 0.04 0.1)
(0.05 0.04 0.1)
(0.1 0.04 0.1)
(0.15 0.04 0.1)
(0.2 0.04 0.1)
(0.25 0.04 0.1)
(0.3 0.04 0.1)
(0.35 0.04 0.1)
(0.4 0.04 0.1)
(0.45 0.04 0.1)
(0.5 0.04 0.1)
(0.55 0.04 0.1)
(0.6 0.04 0.1)
(0.65 0.04 0.1)
(0.7 0.04 0.1)
(0.75 0.04 0.1)
(0.8 0.04 0.1)
(0.85 0.04 0.1)
(0.9 0.04 0.1)
(0.95 0.04 0.1)
(1 0.04 0.1)
(0 0.08 0.1)
(0.05 0.08 0.1)
(0.1 0.08 0.1)
(0.15 0.08 0.1)
(0.2 0.08 0.1)
(0.25 0.08 0.1)
(0.3 0.08 0.1)
(0.35 0.08 0.1)
(0.4 0.08 0.1)
(0.45 0.08 0.1)
(0.5 0.08 0.1)
(0.55 0.08 0.1)
(0.6 0.08 0.1)
(0.65 0.08 0.1)
(0.7 0.08 0.1)
(0.75 0.08 0.1)
(0.8 0.08 0.1)
(0.85 0.08 0.1)
(0.9 0.08 0.1)
(0.95 0.08 0.1)
(1 0.08 0.1)
(0 0.12 0.1)
(0.05 0.12 0.1)
(0.1 0.12 0.1)
(0.15 0.12 0.1)
(0.2 0.12 0.1)
(0.25 0.12 0.1)
(0.3 0.12 0.1)
(0.35 0.12 0.1)
(0.4 0.12 0.1)
(0.45 0.12 0.1)
(0.5 0.12 0.1)
(0.55 0.12 0.1)
(0.6 0.12 0.1)
(0.65 0.12 0.1)
(0.7 0.12 0.1)
(0.75 0.12 0.1)
(0.8 0.12 0.1)
(0.85 0.12 0.1)
(0.9 0.12 0.1)
(0.95 0.12 0.1)
(1 0.12 0.1)
(0 0.16 0.1)
(0.05 0.16 0.1)
(0.1 0.16 0.1)
(0.15 0.16 0.1)
(0.2 0.16 0.1)
(0.25 0.16 0.1)
(0.3 0.16 0.1)
(0.35 0.16 0.1)
(0.4 0.16 0.1)
(0.45 0.16 0.1)
(0.5 0.16 0.1)
(0.55 0.16 0.1)
(0.6 0.16 0.1)
(0.65 0.16 0.1)
(0.7 0.16 0.1)
(0.75 0.16 0.1)
(0.8 0.16 0.1)
(0.85 0.16 0.1)
(0.9 0.16 0.1)
(0.95 0.16 0.1)
(1 0.16 0.1)
(0 0.2 0.1)
(0.05 0.2 0.1)
(0.1 0.2 0.1)
(0.15 0.2 0.1)
(0.2 0.2 0.1)
(0.25 0.2 0.1)
(0.3 0.2 0.1)
(0.35 0.2 0.1)
(0.4 0.2 0.1)
(0.45 0.2 0.1)
(0.5 0.2 0.1)
(0.55 0.2 0.1)
(0.6 0.2 0.1)
(0.65 0.2 0.1)
(0.7 0.2 0.1)
(0.75 0.2 0.1)
(0.8 0.2 0.1)
(0.85 0.2 0.1)
(0.9 0.2 0.1)
(0.95 0.2 0.1)
(1 0.2 0.1)
(0 0.24 0.1)
(0.05 0.24 0.1)
(0.1 0.24 0.1)
(0.15 0.24 0.1)
(0.2 0.24 0.1)
(0.25 0.24 0.1)
(0.3 0.24 0.1)
(0.35 0.24 0.1)
(0.4 0.24 0.1)
(0.45 0.24 0.1)
(0.5 0.24 0.1)
(0.55 0.24 0.1)
(0.6 0.24 0.1)
(0.65 0.24 0.1)
(0.7 0.24 0.1)
(0.75 0.24 0.1)
(0.8 0.24 0.1)
(0.85 0.24 0.1)
(0.9 0.24 0.1)
(0.95 0.24 0.1)
(1 0.24 0.1)
(0 0.28 0.1)
(0.05 0.28 0.1)
(0.1 0.28 0.1)
(0.15 0.28 0.1)
(0.2 0.28 0.1)
(0.25 0.28 0.1)
(0.3 0.28 0.1)
(0.35 0.28 0.1)
(0.4 0.28 0.1)
(0.45 0.28 0.1)
(0.5 0.28 0.1)
(0.55 0.28 0.1)
(0.6 0.28 0.1)
(0.65 0.28 0.1)
(0.7 0.28 0.1)
(0.75 0.28 0.1)
(0.8 0.28 0.1)
(0.85 0.28 0.1)
(0.9 0.28 0.1)
(0.95 0.28 0.1)
(1 0.28 0.1)
(0 0.32 0.1)
(0.05 0.32 0.1)
(0.1 0.32 0.1)
(0.15 0.32 0.1)
(0.2 0.32 0.1)
(0.25 0.32 0.1)
(0.3 0.32 0.1)
(0.35 0.32 0.1)
(0.4 0.32 0.1)
(0.45 0.32 0.1)
(0.5 0.32 0.1)
(0.55 0.32 0.1)
(0.6 0.32 0.1)
(0.65 0.32 0.1)
(0.7 0.32 0.1)
(0.75 0.32 0.1)
(0.8 0.32 0.1)
(0.85 0.32 0.1)
(0.9 0.32 0.1)
(0.95 0.32 0.1)
(1 0.32 0.1)
(0 0.36 0.1)
(0.05 0.36 0.1)
(0.1 0.36 0.1)
(0.15 0.36 0.1)
(0.2 0.36 0.1)
(0.25 0.36 0.1)
(0.3 0.36 0.1)
(0.35 0.36 0.1)
(0.4 0.36 0.1)
(0.45 0.36 0.1)
(0.5 0.36 0.1)
(0.55 0.36 0.1)
(0.6 0.36 0.1)
(0.65 0.36 0.1)
(0.7 0.36 0.1)
(0.75 0.36 0.1)
(0.8 0.36 0.1)
(0.85 0.36 0.1)
(0.9 0.36 0.1)
(0.95 0.36 0.1)
(1 0.36 0.1)
(0 0.4 0.1)
(0.05 0.4 0.1)
(0.1 0.4 0.1)
(0.15 0.4 0.1)
(0.2 0.4 0.1)
(0.25 0.4 0.1)
(0.3 0.4 0.1)
(0.35 0.4 0.1)
(0.4 0.4 0.1)
(0.45 0.4 0.1)
(0.5 0.4 0.1)
(0.55 0.4 0.1)
(0.6 0.4 0.1)
(0.65 0.4 0.1)
(0.7 0.4 0.1)
(0.75 0.4 0.1)
(0.8 0.4 0.1)
(0.85 0.4 0.1)
(0.9 0.4 0.1)
(0.95 0.4 0.1)
(1 0.4 0.1)
(0 0.44 0.1)
(0.05 0.44 0.1)
(0.1 0.44 0.1)
(0.15 0.44 0.1)
(0.2 0.44 0.1)
(0.25 0.44 0.1)
(0.3 0.44 0.1)
(0.35 0.44 0.1)
(0.4 0.44 0.1)
(0.45 0.44 0.1)
(0.5 0.44 0.1)
(0.55 0.44 0.1)
(0.6 0.44 0.1)
(0.65 0.44 0.1)
(0.7 0.44 0.1)
(0.75 0.44 0.1)
(0.8 0.44 0.1)
(0.85 0.44 0.1)
(0.9 0.44 0.1)
(0.95 0.44 0.1)
(1 0.44 0.1)
(0 0.48 0.1)
(0.05 0.48 0.1)
(0.1 0.48 0.1)
(0.15 0.48 0.1)
(0.2 0.48 0.1)
(0.25 0.48 0.1)
(0.3 0.48 0.1)
(0.35 0.48 0.1)
(0.4 0.48 0.1)
(0.45 0.48 0.1)
(0.5 0.48 0.1)
(0.55 0.48 0.1)
(0.6 0.48 0.1)
(0.65 0.48 0.1)
(0.7 0.48 0.1)
(0.75 0.48 0.1)
(0.8 0.48 0.1)
(0.85 0.48 0.1)
(0.9 0.48 0.1)
(0.95 0.48 0.1)
(1 0.48 0.1)
(0 0.52 0.1)
(0.05 0.52 0.1)
(0.1 0.52 0.1)
(0.15 0.52 0.1)
(0.2 0.52 0.1)
(0.25 0.52 0.1)
(0.3 0.52 0.1)
(0.35 0.52 0.1)
(0.4 0.52 0.1)
(0.45 0.52 0.1)
(0.5 0.52 0.1)
(0.55 0.52 0.1)
(0.6 0.52 0.1)
(0.65 0.52 0.1)
(0.7 0.52 0.1)
(0.75 0.52 0.1)
(0.8 0.52 0.1)
(0.85 0.52 0.1)
(0.9 0.52 0.1)
(0.95 0.52 0.1)
(1 0.52 0.1)
(0 0.56 0.1)
(0.05 0.56 0.1)
(0.1 0.56 0.1)
(0.15 0.56 0.1)
(0.2 0.56 0.1)
(0.25 0.56 0.1)
(0.3 0.56 0.1)
(0.35 0.56 0.1)
(0.4 0.56 0.1)
(0.45 0.56 0.1)
(0.5 0.56 0.1)
(0.55 0.56 0.1)
(0.6 0.56 0.1)
(0.65 0.56 0.1)
(0.7 0.56 0.1)
(0.75 0.56 0.1)
(0.8 0.56 0.1)
(0.85 0.56 0.1)
(0.9 0.56 0.1)
(0.95 0.56 0.1)
(1 0.56 0.1)
(0 0.6 0.1)
(0.05 0.6 0.1)
(0.1 0.6 0.1)
(0.15 0.6 0.1)
(0.2 0.6 0.1)
(0.25 0.6 0.1)
(0.3 0.6 0.1)
(0.35 0.6 0.1)
(0.4 0.6 0.1)
(0.45 0.6 0.1)
(0.5 0.6 0.1)
(0.55 0.6 0.1)
(0.6 0.6 0.1)
(0.65 0.6 0.1)
(0.7 0.6 0.1)
(0.75 0.6 0.1)
(0.8 0.6 0.1)
(0.85 0.6 0.1)
(0.9 0.6 0.1)
(0.95 0.6 0.1)
(1 0.6 0.1)
(0 0.64 0.1)
(0.05 0.64 0.1)
(0.1 0.64 0.1)
(0.15 0.64 0.1)
(0.2 0.64 0.1)
(0.25 0.64 0.1)
(0.3 0.64 0.1)
(0.35 0.64 0.1)
(0.4 0.64 0.1)
(0.45 0.64 0.1)
(0.5 0.64 0.1)
(0.55 0.64 0.1)
(0.6 0.64 0.1)
(0.65 0.64 0.1)
(0.7 0.64 0.1)
(0.75 0.64 0.1)
(0.8 0.64 0.1)
(0.85 0.64 0.1)
(0.9 0.64 0.1)
(0.95 0.64 0.1)
(1 0.64 0.1)
(0 0.68 0.1)
(0.05 0.68 0.1)
(0.1 0.68 0.1)
(0.15 0.68 0.1)
(0.2 0.68 0.1)
(0.25 0.68 0.1)
(0.3 0.68 0.1)
(0.35 0.68 0.1)
(0.4 0.68 0.1)
(0.45 0.68 0.1)
(0.5 0.68 0.1)
(0.55 0.68 0.1)
(0.6 0.68 0.1)
(0.65 0.68 0.1)
(0.7 0.68 0.1)
(0.75 0.68 0.1)
(0.8 0.68 0.1)
(0.85 0.68 0.1)
(0.9 0.68 0.1)
(0.95 0.68 0.1)
(1 0.68 0.1)
(0 0.72 0.1)
(0.05 0.72 0.1)
(0.1 0.72 0.1)
(0.15 0.72 0.1)
(0.2 0.72 0.1)
(0.25 0.72 0.1)
(0.3 0.72 0.1)
(0.35 0.72 0.1)
(0.4 0.72 0.1)
(0.45 0.72 0.1)
(0.5 0.72 0.1)
(0.55 0.72 0.1)
(0.6 0.72 0.1)
(0.65 0.72 0.1)
(0.7 0.72 0.1)
(0.75 0.72 0.1)
(0.8 0.72 0.1)
(0.85 0.72 0.1)
(0.9 0.72 0.1)
(0.95 0.72 0.1)
(1 0.72 0.1)
(0 0.76 0.1)
(0.05 0.76 0.1)
(0.1 0.76 0.1)
(0.15 0.76 0.1)
(0.2 0.76 0.1)
(0.25 0.76 0.1)
(0.3 0.76 0.1)
(0.35 0.76 0.1)
(0.4 0.76 0.1)
(0.45 0.76 0.1)
(0.5 0.76 0.1)
(0.55 0.76 0.1)
(0.6 0.76 0.1)
(0.65 0.76 0.1)
(0.7 0.76 0.1)
(0.75 0.76 0.1)
(0.8 0.76 0.1)
(0.85 0.76 0.1)
(0.9 0.76 0.1)
(0.95 0.76 0.1)
(1 0.76 0.1)
(0 0.8 0.1)
(0.05 0.8 0.1)
(0.1 0.8 0.1)
(0.15 0.8 0.1)
(0.2 0.8 0.1)
(0.25 0.8 0.1)
(0.3 0.8 0.1)
(0.35 0.8 0.1)
(0.4 0.8 0.1)
(0.45 0.8 0.1)
(0.5 0.8 0.1)
(0.55 0.8 0.1)
(0.6 0.8 0.1)
(0.65 0.8 0.1)
(0.7 0.8 0.1)
(0.75 0.8 0.1)
(0.8 0.8 0.1)
(0.85 0.8 0.1)
(0.9 0.8 0.1)
(0.95 0.8 0.1)
(1 0.8 0.1)
(0 0.84 0.1)
(0.05 0.84 0.1)
(0.1 0.84 0.1)
(0.15 0.84 0.1)
(0.2 0.84 0.1)
(0.25 0.84 0.1)
(0.3 0.84 0.1)
(0.35 0.84 0.1)
(0.4 0.84 0.1)
(0.45 0.84 0.1)
(0.5 0.84 0.1)
(0.55 0.84 0.1)
(0.6 0.84 0.1)
(0.65 0.84 0.1)
(0.7 0.84 0.1)
(0.75 0.84 0.1)
(0.8 0.84 0.1)
(0.85 0.84 0.1)
(0.9 0.84 0.1)
(0.95 0.84 0.1)
(1 0.84 0.1)
(0 0.88 0.1)
(0.05 0.88 0.1)
(0.1 0.88 0.1)
(0.15 0.88 0.1)
(0.2 0.88 0.1)
(0.25 0.88 0.1)
(0.3 0.88 0.1)
(0.35 0.88 0.1)
(0.4 0.88 0.1)
(0.45 0.88 0.1)
(0.5 0.88 0.1)
(0.55 0.88 0.1)
(0.6 0.88 0.1)
(0.65 0.88 0.1)
(0.7 0.88 0.1)
(0.75 0.88 0.1)
(0.8 0.88 0.1)
(0.85 0.88 0.1)
(0.9 0.88 0.1)
(0.95 0.88 0.1)
(1 0.88 0.1)
(0 0.92 0.1)
(0.05 0.92 0.1)
(0.1 0.92 0.1)
(0.15 0.92 0.1)
(0.2 0.92 0.1)
(0.25 0.92 0.1)
(0.3 0.92 0.1)
(0.35 0.92 0.1)
(0.4 0.92 0.1)
(0.45 0.92 0.1)
(0.5 0.92 0.1)
(0.55 0.92 0.1)
(0.6 0.92 0.1)
(0.65 0.92 0.1)
(0.7 0.92 0.1)
(0.75 0.92 0.1)
(0.8 0.92 0.1)
(0.85 0.92 0.1)
(0.9 0.92 0.1)
(0.95 0.92 0.1)
(1 0.92 0.1)
(0 0.96 0.1)
(0.05 0.96 0.1)
(0.1 0.96 0.1)
(0.15 0.96 0.1)
(0.2 0.96 0.1)
(0.25 0.96 0.1)
(0.3 0.96 0.1)
(0.35 0.96 0.1)
(0.4 0.96 0.1)
(0.45 0.96 0.1)
(0.5 0.96 0.1)
(0.55 0.96 0.1)
(0.6 0.96 0.1)
(0.65 0.96 0.1)
(0.7 0.96 0.1)
(0.75 0.96 0.1)
(0.8 0.96 0.1)
(0.85 0.96 0.1)
(0.9 0.96 0.1)
(0.95 0.96 0.1)
(1 0.96 0.1)
(0 1 0.1)
(0.05 1 0.1)
(0.1 1 0.1)
(0.15 1 0.1)
(0.2 1 0.1)
(0.25 1 0.1)
(0.3 1 0.1)
(0.35 1 0.1)
(0.4 1 0.1)
(0.45 1 0.1)
(0.5 1 0.1)
(0.55 1 0.1)
(0.6 1 0.1)
(0.65 1 0.1)
(0.7 1 0.1)
(0.75 1 0.1)
(0.8 1 0.1)
(0.85 1 0.1)
(0.9 1 0.1)
(0.95 1 0.1)
(1 1 0.1)
(0 1.04 0.1)
(0.05 1.04 0.1)
(0.1 1.04 0.1)
(0.15 1.04 0.1)
(0.2 1.04 0.1)
(0.25 1.04 0.1)
(0.3 1.04 0.1)
(0.35 1.04 0.1)
(0.4 1.04 0.1)
(0.45 1.04 0.1)
(0.5 1.04 0.1)
(0.55 1.04 0.1)
(0.6 1.04 0.1)
(0.65 1.04 0.1)
(0.7 1.04 0.1)
(0.75 1.04 0.1)
(0.8 1.04 0.1)
(0.85 1.04 0.1)
(0.9 1.04 0.1)
(0.95 1.04 0.1)
(1 1.04 0.1)
(0 1.08 0.1)
(0.05 1.08 0.1)
(0.1 1.08 0.1)
(0.15 1.08 0.1)
(0.2 1.08 0.1)
(0.25 1.08 0.1)
(0.3 1.08 0.1)
(0.35 1.08 0.1)
(0.4 1.08 0.1)
(0.45 1.08 0.1)
(0.5 1.08 0.1)
(0.55 1.08 0.1)
(0.6 1.08 0.1)
(0.65 1.08 0.1)
(0.7 1.08 0.1)
(0.75 1.08 0.1)
(0.8 1.08 0.1)
(0.85 1.08 0.1)
(0.9 1.08 0.1)
(0.95 1.08 0.1)
(1 1.08 0.1)
(0 1.12 0.1)
(0.05 1.12 0.1)
(0.1 1.12 0.1)
(0.15 1.12 0.1)
(0.2 1.12 0.1)
(0.25 1.12 0.1)
(0.3 1.12 0.1)
(0.35 1.12 0.1)
(0.4 1.12 0.1)
(0.45 1.12 0.1)
(0.5 1.12 0.1)
(0.55 1.12 0.1)
(0.6 1.12 0.1)
(0.65 1.12 0.1)
(0.7 1.12 0.1)
(0.75 1.12 0.1)
(0.8 1.12 0.1)
(0.85 1.12 0.1)
(0.9 1.12 0.1)
(0.95 1.12 0.1)
(1 1.12 0.1)
(0 1.16 0.1)
(0.05 1.16 0.1)
(0.1 1.16 0.1)
(0.15 1.16 0.1)
(0.2 1.16 0.1)
(0.25 1.16 0.1)
(0.3 1.16 0.1)
(0.35 1.16 0.1)
(0.4 1.16 0.1)
(0.45 1.16 0.1)
(0.5 1.16 0.1)
(0.55 1.16 0.1)
(0.6 1.16 0.1)
(0.65 1.16 0.1)
(0.7 1.16 0.1)
(0.75 1.16 0.1)
(0.8 1.16 0.1)
(0.85 1.16 0.1)
(0.9 1.16 0.1)
(0.95 1.16 0.1)
(1 1.16 0.1)
(0 1.2 0.1)
(0.05 1.2 0.1)
(0.1 1.2 0.1)
(0.15 1.2 0.1)
(0.2 1.2 0.1)
(0.25 1.2 0.1)
(0.3 1.2 0.1)
(0.35 1.2 0.1)
(0.4 1.2 0.1)
(0.45 1.2 0.1)
(0.5 1.2 0.1)
(0.55 1.2 0.1)
(0.6 1.2 0.1)
(0.65 1.2 0.1)
(0.7 1.2 0.1)
(0.75 1.2 0.1)
(0.8 1.2 0.1)
(0.85 1.2 0.1)
(0.9 1.2 0.1)
(0.95 1.2 0.1)
(1 1.2 0.1)
(0 1.24 0.1)
(0.05 1.24 0.1)
(0.1 1.24 0.1)
(0.15 1.24 0.1)
(0.2 1.24 0.1)
(0.25 1.24 0.1)
(0.3 1.24 0.1)
(0.35 1.24 0.1)
(0.4 1.24 0.1)
(0.45 1.24 0.1)
(0.5 1.24 0.1)
(0.55 1.24 0.1)
(0.6 1.24 0.1)
(0.65 1.24 0.1)
(0.7 1.24 0.1)
(0.75 1.24 0.1)
(0.8 1.24 0.1)
(0.85 1.24 0.1)
(0.9 1.24 0.1)
(0.95 1.24 0.1)
(1 1.24 0.1)
(0 1.28 0.1)
(0.05 1.28 0.1)
(0.1 1.28 0.1)
(0.15 1.28 0.1)
(0.2 1.28 0.1)
(0.25 1.28 0.1)
(0.3 1.28 0.1)
(0.35 1.28 0.1)
(0.4 1.28 0.1)
(0.45 1.28 0.1)
(0.5 1.28 0.1)
(0.55 1.28 0.1)
(0.6 1.28 0.1)
(0.65 1.28 0.1)
(0.7 1.28 0.1)
(0.75 1.28 0.1)
(0.8 1.28 0.1)
(0.85 1.28 0.1)
(0.9 1.28 0.1)
(0.95 1.28 0.1)
(1 1.28 0.1)
(0 1.32 0.1)
(0.05 1.32 0.1)
(0.1 1.32 0.1)
(0.15 1.32 0.1)
(0.2 1.32 0.1)
(0.25 1.32 0.1)
(0.3 1.32 0.1)
(0.35 1.32 0.1)
(0.4 1.32 0.1)
(0.45 1.32 0.1)
(0.5 1.32 0.1)
(0.55 1.32 0.1)
(0.6 1.32 0.1)
(0.65 1.32 0.1)
(0.7 1.32 0.1)
(0.75 1.32 0.1)
(0.8 1.32 0.1)
(0.85 1.32 0.1)
(0.9 1.32 0.1)
(0.95 1.32 0.1)
(1 1.32 0.1)
(0 1.36 0.1)
(0.05 1.36 0.1)
(0.1 1.36 0.1)
(0.15 1.36 0.1)
(0.2 1.36 0.1)
(0.25 1.36 0.1)
(0.3 1.36 0.1)
(0.35 1.36 0.1)
(0.4 1.36 0.1)
(0.45 1.36 0.1)
(0.5 1.36 0.1)
(0.55 1.36 0.1)
(0.6 1.36 0.1)
(0.65 1.36 0.1)
(0.7 1.36 0.1)
(0.75 1.36 0.1)
(0.8 1.36 0.1)
(0.85 1.36 0.1)
(0.9 1.36 0.1)
(0.95 1.36 0.1)
(1 1.36 0.1)
(0 1.4 0.1)
(0.05 1.4 0.1)
(0.1 1.4 0.1)
(0.15 1.4 0.1)
(0.2 1.4 0.1)
(0.25 1.4 0.1)
(0.3 1.4 0.1)
(0.35 1.4 0.1)
(0.4 1.4 0.1)
(0.45 1.4 0.1)
(0.5 1.4 0.1)
(0.55 1.4 0.1)
(0.6 1.4 0.1)
(0.65 1.4 0.1)
(0.7 1.4 0.1)
(0.75 1.4 0.1)
(0.8 1.4 0.1)
(0.85 1.4 0.1)
(0.9 1.4 0.1)
(0.95 1.4 0.1)
(1 1.4 0.1)
(0 1.44 0.1)
(0.05 1.44 0.1)
(0.1 1.44 0.1)
(0.15 1.44 0.1)
(0.2 1.44 0.1)
(0.25 1.44 0.1)
(0.3 1.44 0.1)
(0.35 1.44 0.1)
(0.4 1.44 0.1)
(0.45 1.44 0.1)
(0.5 1.44 0.1)
(0.55 1.44 0.1)
(0.6 1.44 0.1)
(0.65 1.44 0.1)
(0.7 1.44 0.1)
(0.75 1.44 0.1)
(0.8 1.44 0.1)
(0.85 1.44 0.1)
(0.9 1.44 0.1)
(0.95 1.44 0.1)
(1 1.44 0.1)
(0 1.48 0.1)
(0.05 1.48 0.1)
(0.1 1.48 0.1)
(0.15 1.48 0.1)
(0.2 1.48 0.1)
(0.25 1.48 0.1)
(0.3 1.48 0.1)
(0.35 1.48 0.1)
(0.4 1.48 0.1)
(0.45 1.48 0.1)
(0.5 1.48 0.1)
(0.55 1.48 0.1)
(0.6 1.48 0.1)
(0.65 1.48 0.1)
(0.7 1.48 0.1)
(0.75 1.48 0.1)
(0.8 1.48 0.1)
(0.85 1.48 0.1)
(0.9 1.48 0.1)
(0.95 1.48 0.1)
(1 1.48 0.1)
(0 1.52 0.1)
(0.05 1.52 0.1)
(0.1 1.52 0.1)
(0.15 1.52 0.1)
(0.2 1.52 0.1)
(0.25 1.52 0.1)
(0.3 1.52 0.1)
(0.35 1.52 0.1)
(0.4 1.52 0.1)
(0.45 1.52 0.1)
(0.5 1.52 0.1)
(0.55 1.52 0.1)
(0.6 1.52 0.1)
(0.65 1.52 0.1)
(0.7 1.52 0.1)
(0.75 1.52 0.1)
(0.8 1.52 0.1)
(0.85 1.52 0.1)
(0.9 1.52 0.1)
(0.95 1.52 0.1)
(1 1.52 0.1)
(0 1.56 0.1)
(0.05 1.56 0.1)
(0.1 1.56 0.1)
(0.15 1.56 0.1)
(0.2 1.56 0.1)
(0.25 1.56 0.1)
(0.3 1.56 0.1)
(0.35 1.56 0.1)
(0.4 1.56 0.1)
(0.45 1.56 0.1)
(0.5 1.56 0.1)
(0.55 1.56 0.1)
(0.6 1.56 0.1)
(0.65 1.56 0.1)
(0.7 1.56 0.1)
(0.75 1.56 0.1)
(0.8 1.56 0.1)
(0.85 1.56 0.1)
(0.9 1.56 0.1)
(0.95 1.56 0.1)
(1 1.56 0.1)
(0 1.6 0.1)
(0.05 1.6 0.1)
(0.1 1.6 0.1)
(0.15 1.6 0.1)
(0.2 1.6 0.1)
(0.25 1.6 0.1)
(0.3 1.6 0.1)
(0.35 1.6 0.1)
(0.4 1.6 0.1)
(0.45 1.6 0.1)
(0.5 1.6 0.1)
(0.55 1.6 0.1)
(0.6 1.6 0.1)
(0.65 1.6 0.1)
(0.7 1.6 0.1)
(0.75 1.6 0.1)
(0.8 1.6 0.1)
(0.85 1.6 0.1)
(0.9 1.6 0.1)
(0.95 1.6 0.1)
(1 1.6 0.1)
(0 1.64 0.1)
(0.05 1.64 0.1)
(0.1 1.64 0.1)
(0.15 1.64 0.1)
(0.2 1.64 0.1)
(0.25 1.64 0.1)
(0.3 1.64 0.1)
(0.35 1.64 0.1)
(0.4 1.64 0.1)
(0.45 1.64 0.1)
(0.5 1.64 0.1)
(0.55 1.64 0.1)
(0.6 1.64 0.1)
(0.65 1.64 0.1)
(0.7 1.64 0.1)
(0.75 1.64 0.1)
(0.8 1.64 0.1)
(0.85 1.64 0.1)
(0.9 1.64 0.1)
(0.95 1.64 0.1)
(1 1.64 0.1)
(0 1.68 0.1)
(0.05 1.68 0.1)
(0.1 1.68 0.1)
(0.15 1.68 0.1)
(0.2 1.68 0.1)
(0.25 1.68 0.1)
(0.3 1.68 0.1)
(0.35 1.68 0.1)
(0.4 1.68 0.1)
(0.45 1.68 0.1)
(0.5 1.68 0.1)
(0.55 1.68 0.1)
(0.6 1.68 0.1)
(0.65 1.68 0.1)
(0.7 1.68 0.1)
(0.75 1.68 0.1)
(0.8 1.68 0.1)
(0.85 1.68 0.1)
(0.9 1.68 0.1)
(0.95 1.68 0.1)
(1 1.68 0.1)
(0 1.72 0.1)
(0.05 1.72 0.1)
(0.1 1.72 0.1)
(0.15 1.72 0.1)
(0.2 1.72 0.1)
(0.25 1.72 0.1)
(0.3 1.72 0.1)
(0.35 1.72 0.1)
(0.4 1.72 0.1)
(0.45 1.72 0.1)
(0.5 1.72 0.1)
(0.55 1.72 0.1)
(0.6 1.72 0.1)
(0.65 1.72 0.1)
(0.7 1.72 0.1)
(0.75 1.72 0.1)
(0.8 1.72 0.1)
(0.85 1.72 0.1)
(0.9 1.72 0.1)
(0.95 1.72 0.1)
(1 1.72 0.1)
(0 1.76 0.1)
(0.05 1.76 0.1)
(0.1 1.76 0.1)
(0.15 1.76 0.1)
(0.2 1.76 0.1)
(0.25 1.76 0.1)
(0.3 1.76 0.1)
(0.35 1.76 0.1)
(0.4 1.76 0.1)
(0.45 1.76 0.1)
(0.5 1.76 0.1)
(0.55 1.76 0.1)
(0.6 1.76 0.1)
(0.65 1.76 0.1)
(0.7 1.76 0.1)
(0.75 1.76 0.1)
(0.8 1.76 0.1)
(0.85 1.76 0.1)
(0.9 1.76 0.1)
(0.95 1.76 0.1)
(1 1.76 0.1)
(0 1.8 0.1)
(0.05 1.8 0.1)
(0.1 1.8 0.1)
(0.15 1.8 0.1)
(0.2 1.8 0.1)
(0.25 1.8 0.1)
(0.3 1.8 0.1)
(0.35 1.8 0.1)
(0.4 1.8 0.1)
(0.45 1.8 0.1)
(0.5 1.8 0.1)
(0.55 1.8 0.1)
(0.6 1.8 0.1)
(0.65 1.8 0.1)
(0.7 1.8 0.1)
(0.75 1.8 0.1)
(0.8 1.8 0.1)
(0.85 1.8 0.1)
(0.9 1.8 0.1)
(0.95 1.8 0.1)
(1 1.8 0.1)
(0 1.84 0.1)
(0.05 1.84 0.1)
(0.1 1.84 0.1)
(0.15 1.84 0.1)
(0.2 1.84 0.1)
(0.25 1.84 0.1)
(0.3 1.84 0.1)
(0.35 1.84 0.1)
(0.4 1.84 0.1)
(0.45 1.84 0.1)
(0.5 1.84 0.1)
(0.55 1.84 0.1)
(0.6 1.84 0.1)
(0.65 1.84 0.1)
(0.7 1.84 0.1)
(0.75 1.84 0.1)
(0.8 1.84 0.1)
(0.85 1.84 0.1)
(0.9 1.84 0.1)
(0.95 1.84 0.1)
(1 1.84 0.1)
(0 1.88 0.1)
(0.05 1.88 0.1)
(0.1 1.88 0.1)
(0.15 1.88 0.1)
(0.2 1.88 0.1)
(0.25 1.88 0.1)
(0.3 1.88 0.1)
(0.35 1.88 0.1)
(0.4 1.88 0.1)
(0.45 1.88 0.1)
(0.5 1.88 0.1)
(0.55 1.88 0.1)
(0.6 1.88 0.1)
(0.65 1.88 0.1)
(0.7 1.88 0.1)
(0.75 1.88 0.1)
(0.8 1.88 0.1)
(0.85 1.88 0.1)
(0.9 1.88 0.1)
(0.95 1.88 0.1)
(1 1.88 0.1)
(0 1.92 0.1)
(0.05 1.92 0.1)
(0.1 1.92 0.1)
(0.15 1.92 0.1)
(0.2 1.92 0.1)
(0.25 1.92 0.1)
(0.3 1.92 0.1)
(0.35 1.92 0.1)
(0.4 1.92 0.1)
(0.45 1.92 0.1)
(0.5 1.92 0.1)
(0.55 1.92 0.1)
(0.6 1.92 0.1)
(0.65 1.92 0.1)
(0.7 1.92 0.1)
(0.75 1.92 0.1)
(0.8 1.92 0.1)
(0.85 1.92 0.1)
(0.9 1.92 0.1)
(0.95 1.92 0.1)
(1 1.92 0.1)
(0 1.96 0.1)
(0.05 1.96 0.1)
(0.1 1.96 0.1)
(0.15 1.96 0.1)
(0.2 1.96 0.1)
(0.25 1.96 0.1)
(0.3 1.96 0.1)
(0.35 1.96 0.1)
(0.4 1.96 0.1)
(0.45 1.96 0.1)
(0.5 1.96 0.1)
(0.55 1.96 0.1)
(0.6 1.96 0.1)
(0.65 1.96 0.1)
(0.7 1.96 0.1)
(0.75 1.96 0.1)
(0.8 1.96 0.1)
(0.85 1.96 0.1)
(0.9 1.96 0.1)
(0.95 1.96 0.1)
(1 1.96 0.1)
(0 2 0.1)
(0.05 2 0.1)
(0.1 2 0.1)
(0.15 2 0.1)
(0.2 2 0.1)
(0.25 2 0.1)
(0.3 2 0.1)
(0.35 2 0.1)
(0.4 2 0.1)
(0.45 2 0.1)
(0.5 2 0.1)
(0.55 2 0.1)
(0.6 2 0.1)
(0.65 2 0.1)
(0.7 2 0.1)
(0.75 2 0.1)
(0.8 2 0.1)
(0.85 2 0.1)
(0.9 2 0.1)
(0.95 2 0.1)
(1 2 0.1)
)


// ************************************************************************* //
