/*--------------------------------*- C++ -*----------------------------------*\
  =========                 |
  \\      /  F ield         | OpenFOAM: The Open Source CFD Toolbox
   \\    /   O peration     | Website:  https://openfoam.org
    \\  /    A nd           | Version:  9
     \\/     M anipulation  |
\*---------------------------------------------------------------------------*/
FoamFile
{
    format      ascii;
    class       faceList;
    location    "constant/polyMesh";
    object      faces;
}
// * * * * * * * * * * * * * * * * * * * * * * * * * * * * * * * * * * * * * //


401
(
4(2 164 165 3)
4(4 166 167 5)
4(6 168 169 7)
4(8 170 171 9)
4(10 172 173 11)
4(12 174 175 13)
4(14 176 177 15)
4(16 178 179 17)
4(18 180 181 19)
4(20 182 183 21)
4(22 184 185 23)
4(24 186 187 25)
4(26 188 189 27)
4(28 190 191 29)
4(30 192 193 31)
4(32 194 195 33)
4(34 196 197 35)
4(36 198 199 37)
4(38 200 201 39)
4(40 202 203 41)
4(42 204 205 43)
4(44 206 207 45)
4(46 208 209 47)
4(48 210 211 49)
4(50 212 213 51)
4(52 214 215 53)
4(54 216 217 55)
4(56 218 219 57)
4(58 220 221 59)
4(60 222 223 61)
4(62 224 225 63)
4(64 226 227 65)
4(66 228 229 67)
4(68 230 231 69)
4(70 232 233 71)
4(72 234 235 73)
4(74 236 237 75)
4(76 238 239 77)
4(78 240 241 79)
4(80 242 243 81)
4(82 244 245 83)
4(84 246 247 85)
4(86 248 249 87)
4(88 250 251 89)
4(90 252 253 91)
4(92 254 255 93)
4(94 256 257 95)
4(96 258 259 97)
4(98 260 261 99)
4(100 262 263 101)
4(102 264 265 103)
4(104 266 267 105)
4(106 268 269 107)
4(108 270 271 109)
4(110 272 273 111)
4(112 274 275 113)
4(114 276 277 115)
4(116 278 279 117)
4(118 280 281 119)
4(120 282 283 121)
4(122 284 285 123)
4(124 286 287 125)
4(126 288 289 127)
4(128 290 291 129)
4(130 292 293 131)
4(132 294 295 133)
4(134 296 297 135)
4(136 298 299 137)
4(138 300 301 139)
4(140 302 303 141)
4(142 304 305 143)
4(144 306 307 145)
4(146 308 309 147)
4(148 310 311 149)
4(150 312 313 151)
4(152 314 315 153)
4(154 316 317 155)
4(156 318 319 157)
4(158 320 321 159)
4(76 238 240 78)
4(76 74 236 238)
4(74 72 234 236)
4(72 70 232 234)
4(70 68 230 232)
4(68 66 228 230)
4(66 64 226 228)
4(64 62 224 226)
4(62 60 222 224)
4(60 58 220 222)
4(58 56 218 220)
4(56 54 216 218)
4(54 52 214 216)
4(52 50 212 214)
4(50 48 210 212)
4(48 46 208 210)
4(46 44 206 208)
4(44 42 204 206)
4(42 40 202 204)
4(40 38 200 202)
4(38 36 198 200)
4(36 34 196 198)
4(34 32 194 196)
4(32 30 192 194)
4(30 28 190 192)
4(28 26 188 190)
4(26 24 186 188)
4(24 22 184 186)
4(22 20 182 184)
4(20 18 180 182)
4(18 16 178 180)
4(16 14 176 178)
4(14 12 174 176)
4(12 10 172 174)
4(10 8 170 172)
4(8 6 168 170)
4(6 4 166 168)
4(4 2 164 166)
4(2 0 162 164)
4(240 242 80 78)
4(242 244 82 80)
4(244 246 84 82)
4(246 248 86 84)
4(248 250 88 86)
4(250 252 90 88)
4(252 254 92 90)
4(254 256 94 92)
4(256 258 96 94)
4(258 260 98 96)
4(260 262 100 98)
4(262 264 102 100)
4(264 266 104 102)
4(266 268 106 104)
4(268 270 108 106)
4(270 272 110 108)
4(272 274 112 110)
4(274 276 114 112)
4(276 278 116 114)
4(278 280 118 116)
4(280 282 120 118)
4(282 284 122 120)
4(284 286 124 122)
4(286 288 126 124)
4(288 290 128 126)
4(290 292 130 128)
4(292 294 132 130)
4(294 296 134 132)
4(296 298 136 134)
4(298 300 138 136)
4(300 302 140 138)
4(302 304 142 140)
4(304 306 144 142)
4(306 308 146 144)
4(308 310 148 146)
4(310 312 150 148)
4(312 314 152 150)
4(314 316 154 152)
4(316 318 156 154)
4(318 320 158 156)
4(320 322 160 158)
4(77 79 241 239)
4(77 239 237 75)
4(75 237 235 73)
4(73 235 233 71)
4(71 233 231 69)
4(69 231 229 67)
4(67 229 227 65)
4(65 227 225 63)
4(63 225 223 61)
4(61 223 221 59)
4(59 221 219 57)
4(57 219 217 55)
4(55 217 215 53)
4(53 215 213 51)
4(51 213 211 49)
4(49 211 209 47)
4(47 209 207 45)
4(45 207 205 43)
4(43 205 203 41)
4(41 203 201 39)
4(39 201 199 37)
4(37 199 197 35)
4(35 197 195 33)
4(33 195 193 31)
4(31 193 191 29)
4(29 191 189 27)
4(27 189 187 25)
4(25 187 185 23)
4(23 185 183 21)
4(21 183 181 19)
4(19 181 179 17)
4(17 179 177 15)
4(15 177 175 13)
4(13 175 173 11)
4(11 173 171 9)
4(9 171 169 7)
4(7 169 167 5)
4(5 167 165 3)
4(3 165 163 1)
4(241 79 81 243)
4(243 81 83 245)
4(245 83 85 247)
4(247 85 87 249)
4(249 87 89 251)
4(251 89 91 253)
4(253 91 93 255)
4(255 93 95 257)
4(257 95 97 259)
4(259 97 99 261)
4(261 99 101 263)
4(263 101 103 265)
4(265 103 105 267)
4(267 105 107 269)
4(269 107 109 271)
4(271 109 111 273)
4(273 111 113 275)
4(275 113 115 277)
4(277 115 117 279)
4(279 117 119 281)
4(281 119 121 283)
4(283 121 123 285)
4(285 123 125 287)
4(287 125 127 289)
4(289 127 129 291)
4(291 129 131 293)
4(293 131 133 295)
4(295 133 135 297)
4(297 135 137 299)
4(299 137 139 301)
4(301 139 141 303)
4(303 141 143 305)
4(305 143 145 307)
4(307 145 147 309)
4(309 147 149 311)
4(311 149 151 313)
4(313 151 153 315)
4(315 153 155 317)
4(317 155 157 319)
4(319 157 159 321)
4(321 159 161 323)
4(0 1 163 162)
4(160 322 323 161)
4(76 78 79 77)
4(78 80 81 79)
4(80 82 83 81)
4(82 84 85 83)
4(84 86 87 85)
4(86 88 89 87)
4(88 90 91 89)
4(90 92 93 91)
4(92 94 95 93)
4(94 96 97 95)
4(96 98 99 97)
4(98 100 101 99)
4(100 102 103 101)
4(102 104 105 103)
4(104 106 107 105)
4(106 108 109 107)
4(108 110 111 109)
4(110 112 113 111)
4(112 114 115 113)
4(114 116 117 115)
4(116 118 119 117)
4(118 120 121 119)
4(120 122 123 121)
4(122 124 125 123)
4(124 126 127 125)
4(126 128 129 127)
4(128 130 131 129)
4(130 132 133 131)
4(132 134 135 133)
4(134 136 137 135)
4(136 138 139 137)
4(138 140 141 139)
4(140 142 143 141)
4(142 144 145 143)
4(144 146 147 145)
4(146 148 149 147)
4(148 150 151 149)
4(150 152 153 151)
4(152 154 155 153)
4(154 156 157 155)
4(156 158 159 157)
4(158 160 161 159)
4(77 75 74 76)
4(75 73 72 74)
4(73 71 70 72)
4(71 69 68 70)
4(69 67 66 68)
4(67 65 64 66)
4(65 63 62 64)
4(63 61 60 62)
4(61 59 58 60)
4(59 57 56 58)
4(57 55 54 56)
4(55 53 52 54)
4(53 51 50 52)
4(51 49 48 50)
4(49 47 46 48)
4(47 45 44 46)
4(45 43 42 44)
4(43 41 40 42)
4(41 39 38 40)
4(39 37 36 38)
4(37 35 34 36)
4(35 33 32 34)
4(33 31 30 32)
4(31 29 28 30)
4(29 27 26 28)
4(27 25 24 26)
4(25 23 22 24)
4(23 21 20 22)
4(21 19 18 20)
4(19 17 16 18)
4(17 15 14 16)
4(15 13 12 14)
4(13 11 10 12)
4(11 9 8 10)
4(9 7 6 8)
4(7 5 4 6)
4(5 3 2 4)
4(3 1 0 2)
4(238 239 241 240)
4(240 241 243 242)
4(242 243 245 244)
4(244 245 247 246)
4(246 247 249 248)
4(248 249 251 250)
4(250 251 253 252)
4(252 253 255 254)
4(254 255 257 256)
4(256 257 259 258)
4(258 259 261 260)
4(260 261 263 262)
4(262 263 265 264)
4(264 265 267 266)
4(266 267 269 268)
4(268 269 271 270)
4(270 271 273 272)
4(272 273 275 274)
4(274 275 277 276)
4(276 277 279 278)
4(278 279 281 280)
4(280 281 283 282)
4(282 283 285 284)
4(284 285 287 286)
4(286 287 289 288)
4(288 289 291 290)
4(290 291 293 292)
4(292 293 295 294)
4(294 295 297 296)
4(296 297 299 298)
4(298 299 301 300)
4(300 301 303 302)
4(302 303 305 304)
4(304 305 307 306)
4(306 307 309 308)
4(308 309 311 310)
4(310 311 313 312)
4(312 313 315 314)
4(314 315 317 316)
4(316 317 319 318)
4(318 319 321 320)
4(320 321 323 322)
4(239 238 236 237)
4(237 236 234 235)
4(235 234 232 233)
4(233 232 230 231)
4(231 230 228 229)
4(229 228 226 227)
4(227 226 224 225)
4(225 224 222 223)
4(223 222 220 221)
4(221 220 218 219)
4(219 218 216 217)
4(217 216 214 215)
4(215 214 212 213)
4(213 212 210 211)
4(211 210 208 209)
4(209 208 206 207)
4(207 206 204 205)
4(205 204 202 203)
4(203 202 200 201)
4(201 200 198 199)
4(199 198 196 197)
4(197 196 194 195)
4(195 194 192 193)
4(193 192 190 191)
4(191 190 188 189)
4(189 188 186 187)
4(187 186 184 185)
4(185 184 182 183)
4(183 182 180 181)
4(181 180 178 179)
4(179 178 176 177)
4(177 176 174 175)
4(175 174 172 173)
4(173 172 170 171)
4(171 170 168 169)
4(169 168 166 167)
4(167 166 164 165)
4(165 164 162 163)
)


// ************************************************************************* //
