/*--------------------------------*- C++ -*----------------------------------*\
  =========                 |
  \\      /  F ield         | OpenFOAM: The Open Source CFD Toolbox
   \\    /   O peration     | Website:  https://openfoam.org
    \\  /    A nd           | Version:  9
     \\/     M anipulation  |
\*---------------------------------------------------------------------------*/
FoamFile
{
    format      ascii;
    class       faceList;
    location    "constant/polyMesh";
    object      faces;
}
// * * * * * * * * * * * * * * * * * * * * * * * * * * * * * * * * * * * * * //


901
(
4(2 364 365 3)
4(4 366 367 5)
4(6 368 369 7)
4(8 370 371 9)
4(10 372 373 11)
4(12 374 375 13)
4(14 376 377 15)
4(16 378 379 17)
4(18 380 381 19)
4(20 382 383 21)
4(22 384 385 23)
4(24 386 387 25)
4(26 388 389 27)
4(28 390 391 29)
4(30 392 393 31)
4(32 394 395 33)
4(34 396 397 35)
4(36 398 399 37)
4(38 400 401 39)
4(40 402 403 41)
4(42 404 405 43)
4(44 406 407 45)
4(46 408 409 47)
4(48 410 411 49)
4(50 412 413 51)
4(52 414 415 53)
4(54 416 417 55)
4(56 418 419 57)
4(58 420 421 59)
4(60 422 423 61)
4(62 424 425 63)
4(64 426 427 65)
4(66 428 429 67)
4(68 430 431 69)
4(70 432 433 71)
4(72 434 435 73)
4(74 436 437 75)
4(76 438 439 77)
4(78 440 441 79)
4(80 442 443 81)
4(82 444 445 83)
4(84 446 447 85)
4(86 448 449 87)
4(88 450 451 89)
4(90 452 453 91)
4(92 454 455 93)
4(94 456 457 95)
4(96 458 459 97)
4(98 460 461 99)
4(100 462 463 101)
4(102 464 465 103)
4(104 466 467 105)
4(106 468 469 107)
4(108 470 471 109)
4(110 472 473 111)
4(112 474 475 113)
4(114 476 477 115)
4(116 478 479 117)
4(118 480 481 119)
4(120 482 483 121)
4(122 484 485 123)
4(124 486 487 125)
4(126 488 489 127)
4(128 490 491 129)
4(130 492 493 131)
4(132 494 495 133)
4(134 496 497 135)
4(136 498 499 137)
4(138 500 501 139)
4(140 502 503 141)
4(142 504 505 143)
4(144 506 507 145)
4(146 508 509 147)
4(148 510 511 149)
4(150 512 513 151)
4(152 514 515 153)
4(154 516 517 155)
4(156 518 519 157)
4(158 520 521 159)
4(160 522 523 161)
4(162 524 525 163)
4(164 526 527 165)
4(166 528 529 167)
4(168 530 531 169)
4(170 532 533 171)
4(172 534 535 173)
4(174 536 537 175)
4(176 538 539 177)
4(178 540 541 179)
4(180 542 543 181)
4(182 544 545 183)
4(184 546 547 185)
4(186 548 549 187)
4(188 550 551 189)
4(190 552 553 191)
4(192 554 555 193)
4(194 556 557 195)
4(196 558 559 197)
4(198 560 561 199)
4(200 562 563 201)
4(202 564 565 203)
4(204 566 567 205)
4(206 568 569 207)
4(208 570 571 209)
4(210 572 573 211)
4(212 574 575 213)
4(214 576 577 215)
4(216 578 579 217)
4(218 580 581 219)
4(220 582 583 221)
4(222 584 585 223)
4(224 586 587 225)
4(226 588 589 227)
4(228 590 591 229)
4(230 592 593 231)
4(232 594 595 233)
4(234 596 597 235)
4(236 598 599 237)
4(238 600 601 239)
4(240 602 603 241)
4(242 604 605 243)
4(244 606 607 245)
4(246 608 609 247)
4(248 610 611 249)
4(250 612 613 251)
4(252 614 615 253)
4(254 616 617 255)
4(256 618 619 257)
4(258 620 621 259)
4(260 622 623 261)
4(262 624 625 263)
4(264 626 627 265)
4(266 628 629 267)
4(268 630 631 269)
4(270 632 633 271)
4(272 634 635 273)
4(274 636 637 275)
4(276 638 639 277)
4(278 640 641 279)
4(280 642 643 281)
4(282 644 645 283)
4(284 646 647 285)
4(286 648 649 287)
4(288 650 651 289)
4(290 652 653 291)
4(292 654 655 293)
4(294 656 657 295)
4(296 658 659 297)
4(298 660 661 299)
4(300 662 663 301)
4(302 664 665 303)
4(304 666 667 305)
4(306 668 669 307)
4(308 670 671 309)
4(310 672 673 311)
4(312 674 675 313)
4(314 676 677 315)
4(316 678 679 317)
4(318 680 681 319)
4(320 682 683 321)
4(322 684 685 323)
4(324 686 687 325)
4(326 688 689 327)
4(328 690 691 329)
4(330 692 693 331)
4(332 694 695 333)
4(334 696 697 335)
4(336 698 699 337)
4(338 700 701 339)
4(340 702 703 341)
4(342 704 705 343)
4(344 706 707 345)
4(346 708 709 347)
4(348 710 711 349)
4(350 712 713 351)
4(352 714 715 353)
4(354 716 717 355)
4(356 718 719 357)
4(358 720 721 359)
4(122 484 486 124)
4(122 120 482 484)
4(120 118 480 482)
4(118 116 478 480)
4(116 114 476 478)
4(114 112 474 476)
4(112 110 472 474)
4(110 108 470 472)
4(108 106 468 470)
4(106 104 466 468)
4(104 102 464 466)
4(102 100 462 464)
4(100 98 460 462)
4(98 96 458 460)
4(96 94 456 458)
4(94 92 454 456)
4(92 90 452 454)
4(90 88 450 452)
4(88 86 448 450)
4(86 84 446 448)
4(84 82 444 446)
4(82 80 442 444)
4(80 78 440 442)
4(78 76 438 440)
4(76 74 436 438)
4(74 72 434 436)
4(72 70 432 434)
4(70 68 430 432)
4(68 66 428 430)
4(66 64 426 428)
4(64 62 424 426)
4(62 60 422 424)
4(60 58 420 422)
4(58 56 418 420)
4(56 54 416 418)
4(54 52 414 416)
4(52 50 412 414)
4(50 48 410 412)
4(48 46 408 410)
4(46 44 406 408)
4(44 42 404 406)
4(42 40 402 404)
4(40 38 400 402)
4(38 36 398 400)
4(36 34 396 398)
4(34 32 394 396)
4(32 30 392 394)
4(30 28 390 392)
4(28 26 388 390)
4(26 24 386 388)
4(24 22 384 386)
4(22 20 382 384)
4(20 18 380 382)
4(18 16 378 380)
4(16 14 376 378)
4(14 12 374 376)
4(12 10 372 374)
4(10 8 370 372)
4(8 6 368 370)
4(6 4 366 368)
4(4 2 364 366)
4(2 0 362 364)
4(486 488 126 124)
4(488 490 128 126)
4(490 492 130 128)
4(492 494 132 130)
4(494 496 134 132)
4(496 498 136 134)
4(498 500 138 136)
4(500 502 140 138)
4(502 504 142 140)
4(504 506 144 142)
4(506 508 146 144)
4(508 510 148 146)
4(510 512 150 148)
4(512 514 152 150)
4(514 516 154 152)
4(516 518 156 154)
4(518 520 158 156)
4(520 522 160 158)
4(522 524 162 160)
4(524 526 164 162)
4(526 528 166 164)
4(528 530 168 166)
4(530 532 170 168)
4(532 534 172 170)
4(534 536 174 172)
4(536 538 176 174)
4(538 540 178 176)
4(540 542 180 178)
4(542 544 182 180)
4(544 546 184 182)
4(546 548 186 184)
4(548 550 188 186)
4(550 552 190 188)
4(552 554 192 190)
4(554 556 194 192)
4(556 558 196 194)
4(558 560 198 196)
4(560 562 200 198)
4(562 564 202 200)
4(564 566 204 202)
4(566 568 206 204)
4(568 570 208 206)
4(570 572 210 208)
4(572 574 212 210)
4(574 576 214 212)
4(576 578 216 214)
4(578 580 218 216)
4(580 582 220 218)
4(582 584 222 220)
4(584 586 224 222)
4(586 588 226 224)
4(588 590 228 226)
4(590 592 230 228)
4(592 594 232 230)
4(594 596 234 232)
4(596 598 236 234)
4(598 600 238 236)
4(600 602 240 238)
4(602 604 242 240)
4(604 606 244 242)
4(606 608 246 244)
4(608 610 248 246)
4(610 612 250 248)
4(612 614 252 250)
4(614 616 254 252)
4(616 618 256 254)
4(618 620 258 256)
4(620 622 260 258)
4(622 624 262 260)
4(624 626 264 262)
4(626 628 266 264)
4(628 630 268 266)
4(630 632 270 268)
4(632 634 272 270)
4(634 636 274 272)
4(636 638 276 274)
4(638 640 278 276)
4(640 642 280 278)
4(642 644 282 280)
4(644 646 284 282)
4(646 648 286 284)
4(648 650 288 286)
4(650 652 290 288)
4(652 654 292 290)
4(654 656 294 292)
4(656 658 296 294)
4(658 660 298 296)
4(660 662 300 298)
4(662 664 302 300)
4(664 666 304 302)
4(666 668 306 304)
4(668 670 308 306)
4(670 672 310 308)
4(672 674 312 310)
4(674 676 314 312)
4(676 678 316 314)
4(678 680 318 316)
4(680 682 320 318)
4(682 684 322 320)
4(684 686 324 322)
4(686 688 326 324)
4(688 690 328 326)
4(690 692 330 328)
4(692 694 332 330)
4(694 696 334 332)
4(696 698 336 334)
4(698 700 338 336)
4(700 702 340 338)
4(702 704 342 340)
4(704 706 344 342)
4(706 708 346 344)
4(708 710 348 346)
4(710 712 350 348)
4(712 714 352 350)
4(714 716 354 352)
4(716 718 356 354)
4(718 720 358 356)
4(720 722 360 358)
4(123 125 487 485)
4(123 485 483 121)
4(121 483 481 119)
4(119 481 479 117)
4(117 479 477 115)
4(115 477 475 113)
4(113 475 473 111)
4(111 473 471 109)
4(109 471 469 107)
4(107 469 467 105)
4(105 467 465 103)
4(103 465 463 101)
4(101 463 461 99)
4(99 461 459 97)
4(97 459 457 95)
4(95 457 455 93)
4(93 455 453 91)
4(91 453 451 89)
4(89 451 449 87)
4(87 449 447 85)
4(85 447 445 83)
4(83 445 443 81)
4(81 443 441 79)
4(79 441 439 77)
4(77 439 437 75)
4(75 437 435 73)
4(73 435 433 71)
4(71 433 431 69)
4(69 431 429 67)
4(67 429 427 65)
4(65 427 425 63)
4(63 425 423 61)
4(61 423 421 59)
4(59 421 419 57)
4(57 419 417 55)
4(55 417 415 53)
4(53 415 413 51)
4(51 413 411 49)
4(49 411 409 47)
4(47 409 407 45)
4(45 407 405 43)
4(43 405 403 41)
4(41 403 401 39)
4(39 401 399 37)
4(37 399 397 35)
4(35 397 395 33)
4(33 395 393 31)
4(31 393 391 29)
4(29 391 389 27)
4(27 389 387 25)
4(25 387 385 23)
4(23 385 383 21)
4(21 383 381 19)
4(19 381 379 17)
4(17 379 377 15)
4(15 377 375 13)
4(13 375 373 11)
4(11 373 371 9)
4(9 371 369 7)
4(7 369 367 5)
4(5 367 365 3)
4(3 365 363 1)
4(487 125 127 489)
4(489 127 129 491)
4(491 129 131 493)
4(493 131 133 495)
4(495 133 135 497)
4(497 135 137 499)
4(499 137 139 501)
4(501 139 141 503)
4(503 141 143 505)
4(505 143 145 507)
4(507 145 147 509)
4(509 147 149 511)
4(511 149 151 513)
4(513 151 153 515)
4(515 153 155 517)
4(517 155 157 519)
4(519 157 159 521)
4(521 159 161 523)
4(523 161 163 525)
4(525 163 165 527)
4(527 165 167 529)
4(529 167 169 531)
4(531 169 171 533)
4(533 171 173 535)
4(535 173 175 537)
4(537 175 177 539)
4(539 177 179 541)
4(541 179 181 543)
4(543 181 183 545)
4(545 183 185 547)
4(547 185 187 549)
4(549 187 189 551)
4(551 189 191 553)
4(553 191 193 555)
4(555 193 195 557)
4(557 195 197 559)
4(559 197 199 561)
4(561 199 201 563)
4(563 201 203 565)
4(565 203 205 567)
4(567 205 207 569)
4(569 207 209 571)
4(571 209 211 573)
4(573 211 213 575)
4(575 213 215 577)
4(577 215 217 579)
4(579 217 219 581)
4(581 219 221 583)
4(583 221 223 585)
4(585 223 225 587)
4(587 225 227 589)
4(589 227 229 591)
4(591 229 231 593)
4(593 231 233 595)
4(595 233 235 597)
4(597 235 237 599)
4(599 237 239 601)
4(601 239 241 603)
4(603 241 243 605)
4(605 243 245 607)
4(607 245 247 609)
4(609 247 249 611)
4(611 249 251 613)
4(613 251 253 615)
4(615 253 255 617)
4(617 255 257 619)
4(619 257 259 621)
4(621 259 261 623)
4(623 261 263 625)
4(625 263 265 627)
4(627 265 267 629)
4(629 267 269 631)
4(631 269 271 633)
4(633 271 273 635)
4(635 273 275 637)
4(637 275 277 639)
4(639 277 279 641)
4(641 279 281 643)
4(643 281 283 645)
4(645 283 285 647)
4(647 285 287 649)
4(649 287 289 651)
4(651 289 291 653)
4(653 291 293 655)
4(655 293 295 657)
4(657 295 297 659)
4(659 297 299 661)
4(661 299 301 663)
4(663 301 303 665)
4(665 303 305 667)
4(667 305 307 669)
4(669 307 309 671)
4(671 309 311 673)
4(673 311 313 675)
4(675 313 315 677)
4(677 315 317 679)
4(679 317 319 681)
4(681 319 321 683)
4(683 321 323 685)
4(685 323 325 687)
4(687 325 327 689)
4(689 327 329 691)
4(691 329 331 693)
4(693 331 333 695)
4(695 333 335 697)
4(697 335 337 699)
4(699 337 339 701)
4(701 339 341 703)
4(703 341 343 705)
4(705 343 345 707)
4(707 345 347 709)
4(709 347 349 711)
4(711 349 351 713)
4(713 351 353 715)
4(715 353 355 717)
4(717 355 357 719)
4(719 357 359 721)
4(721 359 361 723)
4(0 1 363 362)
4(360 722 723 361)
4(122 124 125 123)
4(124 126 127 125)
4(126 128 129 127)
4(128 130 131 129)
4(130 132 133 131)
4(132 134 135 133)
4(134 136 137 135)
4(136 138 139 137)
4(138 140 141 139)
4(140 142 143 141)
4(142 144 145 143)
4(144 146 147 145)
4(146 148 149 147)
4(148 150 151 149)
4(150 152 153 151)
4(152 154 155 153)
4(154 156 157 155)
4(156 158 159 157)
4(158 160 161 159)
4(160 162 163 161)
4(162 164 165 163)
4(164 166 167 165)
4(166 168 169 167)
4(168 170 171 169)
4(170 172 173 171)
4(172 174 175 173)
4(174 176 177 175)
4(176 178 179 177)
4(178 180 181 179)
4(180 182 183 181)
4(182 184 185 183)
4(184 186 187 185)
4(186 188 189 187)
4(188 190 191 189)
4(190 192 193 191)
4(192 194 195 193)
4(194 196 197 195)
4(196 198 199 197)
4(198 200 201 199)
4(200 202 203 201)
4(202 204 205 203)
4(204 206 207 205)
4(206 208 209 207)
4(208 210 211 209)
4(210 212 213 211)
4(212 214 215 213)
4(214 216 217 215)
4(216 218 219 217)
4(218 220 221 219)
4(220 222 223 221)
4(222 224 225 223)
4(224 226 227 225)
4(226 228 229 227)
4(228 230 231 229)
4(230 232 233 231)
4(232 234 235 233)
4(234 236 237 235)
4(236 238 239 237)
4(238 240 241 239)
4(240 242 243 241)
4(242 244 245 243)
4(244 246 247 245)
4(246 248 249 247)
4(248 250 251 249)
4(250 252 253 251)
4(252 254 255 253)
4(254 256 257 255)
4(256 258 259 257)
4(258 260 261 259)
4(260 262 263 261)
4(262 264 265 263)
4(264 266 267 265)
4(266 268 269 267)
4(268 270 271 269)
4(270 272 273 271)
4(272 274 275 273)
4(274 276 277 275)
4(276 278 279 277)
4(278 280 281 279)
4(280 282 283 281)
4(282 284 285 283)
4(284 286 287 285)
4(286 288 289 287)
4(288 290 291 289)
4(290 292 293 291)
4(292 294 295 293)
4(294 296 297 295)
4(296 298 299 297)
4(298 300 301 299)
4(300 302 303 301)
4(302 304 305 303)
4(304 306 307 305)
4(306 308 309 307)
4(308 310 311 309)
4(310 312 313 311)
4(312 314 315 313)
4(314 316 317 315)
4(316 318 319 317)
4(318 320 321 319)
4(320 322 323 321)
4(322 324 325 323)
4(324 326 327 325)
4(326 328 329 327)
4(328 330 331 329)
4(330 332 333 331)
4(332 334 335 333)
4(334 336 337 335)
4(336 338 339 337)
4(338 340 341 339)
4(340 342 343 341)
4(342 344 345 343)
4(344 346 347 345)
4(346 348 349 347)
4(348 350 351 349)
4(350 352 353 351)
4(352 354 355 353)
4(354 356 357 355)
4(356 358 359 357)
4(358 360 361 359)
4(123 121 120 122)
4(121 119 118 120)
4(119 117 116 118)
4(117 115 114 116)
4(115 113 112 114)
4(113 111 110 112)
4(111 109 108 110)
4(109 107 106 108)
4(107 105 104 106)
4(105 103 102 104)
4(103 101 100 102)
4(101 99 98 100)
4(99 97 96 98)
4(97 95 94 96)
4(95 93 92 94)
4(93 91 90 92)
4(91 89 88 90)
4(89 87 86 88)
4(87 85 84 86)
4(85 83 82 84)
4(83 81 80 82)
4(81 79 78 80)
4(79 77 76 78)
4(77 75 74 76)
4(75 73 72 74)
4(73 71 70 72)
4(71 69 68 70)
4(69 67 66 68)
4(67 65 64 66)
4(65 63 62 64)
4(63 61 60 62)
4(61 59 58 60)
4(59 57 56 58)
4(57 55 54 56)
4(55 53 52 54)
4(53 51 50 52)
4(51 49 48 50)
4(49 47 46 48)
4(47 45 44 46)
4(45 43 42 44)
4(43 41 40 42)
4(41 39 38 40)
4(39 37 36 38)
4(37 35 34 36)
4(35 33 32 34)
4(33 31 30 32)
4(31 29 28 30)
4(29 27 26 28)
4(27 25 24 26)
4(25 23 22 24)
4(23 21 20 22)
4(21 19 18 20)
4(19 17 16 18)
4(17 15 14 16)
4(15 13 12 14)
4(13 11 10 12)
4(11 9 8 10)
4(9 7 6 8)
4(7 5 4 6)
4(5 3 2 4)
4(3 1 0 2)
4(484 485 487 486)
4(486 487 489 488)
4(488 489 491 490)
4(490 491 493 492)
4(492 493 495 494)
4(494 495 497 496)
4(496 497 499 498)
4(498 499 501 500)
4(500 501 503 502)
4(502 503 505 504)
4(504 505 507 506)
4(506 507 509 508)
4(508 509 511 510)
4(510 511 513 512)
4(512 513 515 514)
4(514 515 517 516)
4(516 517 519 518)
4(518 519 521 520)
4(520 521 523 522)
4(522 523 525 524)
4(524 525 527 526)
4(526 527 529 528)
4(528 529 531 530)
4(530 531 533 532)
4(532 533 535 534)
4(534 535 537 536)
4(536 537 539 538)
4(538 539 541 540)
4(540 541 543 542)
4(542 543 545 544)
4(544 545 547 546)
4(546 547 549 548)
4(548 549 551 550)
4(550 551 553 552)
4(552 553 555 554)
4(554 555 557 556)
4(556 557 559 558)
4(558 559 561 560)
4(560 561 563 562)
4(562 563 565 564)
4(564 565 567 566)
4(566 567 569 568)
4(568 569 571 570)
4(570 571 573 572)
4(572 573 575 574)
4(574 575 577 576)
4(576 577 579 578)
4(578 579 581 580)
4(580 581 583 582)
4(582 583 585 584)
4(584 585 587 586)
4(586 587 589 588)
4(588 589 591 590)
4(590 591 593 592)
4(592 593 595 594)
4(594 595 597 596)
4(596 597 599 598)
4(598 599 601 600)
4(600 601 603 602)
4(602 603 605 604)
4(604 605 607 606)
4(606 607 609 608)
4(608 609 611 610)
4(610 611 613 612)
4(612 613 615 614)
4(614 615 617 616)
4(616 617 619 618)
4(618 619 621 620)
4(620 621 623 622)
4(622 623 625 624)
4(624 625 627 626)
4(626 627 629 628)
4(628 629 631 630)
4(630 631 633 632)
4(632 633 635 634)
4(634 635 637 636)
4(636 637 639 638)
4(638 639 641 640)
4(640 641 643 642)
4(642 643 645 644)
4(644 645 647 646)
4(646 647 649 648)
4(648 649 651 650)
4(650 651 653 652)
4(652 653 655 654)
4(654 655 657 656)
4(656 657 659 658)
4(658 659 661 660)
4(660 661 663 662)
4(662 663 665 664)
4(664 665 667 666)
4(666 667 669 668)
4(668 669 671 670)
4(670 671 673 672)
4(672 673 675 674)
4(674 675 677 676)
4(676 677 679 678)
4(678 679 681 680)
4(680 681 683 682)
4(682 683 685 684)
4(684 685 687 686)
4(686 687 689 688)
4(688 689 691 690)
4(690 691 693 692)
4(692 693 695 694)
4(694 695 697 696)
4(696 697 699 698)
4(698 699 701 700)
4(700 701 703 702)
4(702 703 705 704)
4(704 705 707 706)
4(706 707 709 708)
4(708 709 711 710)
4(710 711 713 712)
4(712 713 715 714)
4(714 715 717 716)
4(716 717 719 718)
4(718 719 721 720)
4(720 721 723 722)
4(485 484 482 483)
4(483 482 480 481)
4(481 480 478 479)
4(479 478 476 477)
4(477 476 474 475)
4(475 474 472 473)
4(473 472 470 471)
4(471 470 468 469)
4(469 468 466 467)
4(467 466 464 465)
4(465 464 462 463)
4(463 462 460 461)
4(461 460 458 459)
4(459 458 456 457)
4(457 456 454 455)
4(455 454 452 453)
4(453 452 450 451)
4(451 450 448 449)
4(449 448 446 447)
4(447 446 444 445)
4(445 444 442 443)
4(443 442 440 441)
4(441 440 438 439)
4(439 438 436 437)
4(437 436 434 435)
4(435 434 432 433)
4(433 432 430 431)
4(431 430 428 429)
4(429 428 426 427)
4(427 426 424 425)
4(425 424 422 423)
4(423 422 420 421)
4(421 420 418 419)
4(419 418 416 417)
4(417 416 414 415)
4(415 414 412 413)
4(413 412 410 411)
4(411 410 408 409)
4(409 408 406 407)
4(407 406 404 405)
4(405 404 402 403)
4(403 402 400 401)
4(401 400 398 399)
4(399 398 396 397)
4(397 396 394 395)
4(395 394 392 393)
4(393 392 390 391)
4(391 390 388 389)
4(389 388 386 387)
4(387 386 384 385)
4(385 384 382 383)
4(383 382 380 381)
4(381 380 378 379)
4(379 378 376 377)
4(377 376 374 375)
4(375 374 372 373)
4(373 372 370 371)
4(371 370 368 369)
4(369 368 366 367)
4(367 366 364 365)
4(365 364 362 363)
)


// ************************************************************************* //
