/*--------------------------------*- C++ -*----------------------------------*\
| =========                 |                                                 |
| \\      /  F ield         | OpenFOAM: The Open Source CFD Toolbox           |
|  \\    /   O peration     | Version:  2.3.x                                 |
|   \\  /    A nd           | Web:      www.OpenFOAM.org                      |
|    \\/     M anipulation  |                                                 |
\*---------------------------------------------------------------------------*/
FoamFile
{
    version     2.0;
    format      ascii;
    class       labelList;
    note        "nPoints:8000  nCells:6399  nFaces:20700  nInternalFaces:17694";
    location    "1200.71/polyMesh";
    object      neighbour;
}
// * * * * * * * * * * * * * * * * * * * * * * * * * * * * * * * * * * * * * //


17694
(
1
9
711
2
10
712
3
11
713
4
12
714
5
13
715
6
14
716
7
15
717
8
16
718
17
719
10
18
720
11
19
721
12
20
722
13
21
723
14
22
724
15
23
725
16
24
726
17
25
727
26
728
19
27
729
20
28
730
21
29
731
22
30
732
23
31
733
24
32
734
25
33
735
26
34
736
35
737
28
36
738
29
37
739
30
38
740
31
39
741
32
40
742
33
41
743
34
42
744
35
43
745
44
746
37
45
747
38
46
748
39
47
749
40
48
750
41
49
751
42
50
752
43
51
753
44
52
754
53
755
46
54
756
47
55
757
48
56
758
49
57
759
50
58
760
51
59
761
52
60
762
53
61
763
62
764
55
63
765
56
64
766
57
65
767
58
66
768
59
67
769
60
68
770
61
69
771
62
70
772
71
773
64
72
774
65
73
775
66
74
776
67
75
777
68
76
778
69
77
779
70
78
780
71
79
781
80
782
73
81
783
74
82
784
75
83
785
76
84
786
77
85
787
78
86
788
79
87
789
80
88
790
89
791
82
90
792
83
91
793
84
92
794
85
93
795
86
94
796
87
95
797
88
96
798
89
97
799
98
800
91
99
801
92
100
802
93
101
803
94
102
804
95
103
805
96
104
806
97
105
807
98
106
808
107
809
100
108
810
101
109
811
102
110
812
103
111
813
104
112
814
105
113
815
106
114
816
107
115
817
116
818
109
117
819
110
118
820
111
119
821
112
120
822
113
121
823
114
122
824
115
123
825
116
124
826
125
827
118
126
828
119
127
829
120
128
830
121
129
831
122
130
832
123
131
833
124
132
834
125
133
835
134
836
127
135
837
128
136
838
129
137
839
130
138
840
131
139
841
132
140
842
133
141
843
134
142
844
143
845
136
144
846
137
145
847
138
146
848
139
147
849
140
148
850
141
149
851
142
150
852
143
151
853
152
854
145
153
855
146
154
856
147
155
857
148
156
858
149
157
859
150
158
860
151
159
861
152
160
862
161
863
154
162
864
155
163
865
156
164
866
157
165
867
158
166
868
159
167
869
160
168
870
161
169
871
170
872
163
171
873
164
172
874
165
173
875
166
174
876
167
175
877
168
176
878
169
177
879
170
178
880
179
881
172
180
882
173
181
883
174
182
884
175
183
885
176
184
886
177
185
887
178
186
888
179
187
889
188
890
181
189
891
182
190
892
183
191
893
184
192
894
185
193
895
186
194
896
187
195
897
188
196
898
197
899
190
198
900
191
199
901
192
200
902
193
201
903
194
202
904
195
203
905
196
204
906
197
205
907
206
908
199
207
909
200
208
910
201
209
911
202
210
912
203
211
913
204
212
914
205
213
915
206
214
916
215
917
208
216
918
209
217
919
210
218
920
211
219
921
212
220
922
213
221
923
214
222
924
215
223
925
224
926
217
225
927
218
226
928
219
227
929
220
228
930
221
229
931
222
230
932
223
231
933
224
232
934
233
935
226
234
936
227
235
937
228
236
938
229
237
939
230
238
940
231
239
941
232
240
942
233
241
943
242
944
235
243
945
236
244
946
237
245
947
238
246
948
239
247
949
240
248
950
241
249
951
242
250
952
251
953
244
252
954
245
253
955
246
254
956
247
255
957
248
256
958
249
257
959
250
258
960
251
259
961
260
962
253
261
963
254
262
964
255
263
965
256
264
966
257
265
967
258
266
968
259
267
969
260
268
970
269
971
262
270
972
263
271
973
264
272
974
265
273
975
266
274
976
267
275
977
268
276
978
269
277
979
278
980
271
279
981
272
280
982
273
281
983
274
282
984
275
283
985
276
284
986
277
285
987
278
286
988
287
989
280
288
990
281
289
991
282
290
992
283
291
993
284
292
994
285
293
995
286
294
996
287
295
997
296
998
289
297
999
290
298
1000
291
299
1001
292
300
1002
293
301
1003
294
302
1004
295
303
1005
296
304
1006
305
1007
298
306
1008
299
307
1009
300
308
1010
301
309
1011
302
310
1012
303
311
1013
304
312
1014
305
313
1015
314
1016
307
315
1017
308
316
1018
309
317
1019
310
318
1020
311
319
1021
312
320
1022
313
321
1023
314
322
1024
323
1025
316
324
1026
317
325
1027
318
326
1028
319
327
1029
320
328
1030
321
329
1031
322
330
1032
323
331
1033
332
1034
325
333
1035
326
334
1036
327
335
1037
328
336
1038
329
337
1039
330
338
1040
331
339
1041
332
340
1042
341
1043
334
342
1044
335
343
1045
336
344
1046
337
345
1047
338
346
1048
339
347
1049
340
348
1050
341
349
1051
350
1052
343
351
1053
344
352
1054
345
353
1055
346
354
1056
347
355
1057
348
356
1058
349
357
1059
350
358
1060
359
1061
352
360
1062
353
361
1063
354
362
1064
355
363
1065
356
364
1066
357
365
1067
358
366
1068
359
367
1069
368
1070
361
369
1071
362
370
1072
363
371
1073
364
372
1074
365
373
1075
366
374
1076
367
375
1077
368
376
1078
377
1079
370
378
1080
371
379
1081
372
380
1082
373
381
1083
374
382
1084
375
383
1085
376
384
1086
377
385
1087
386
1088
379
387
1089
380
388
1090
381
389
1091
382
390
1092
383
391
1093
384
392
1094
385
393
1095
386
394
1096
395
1097
388
396
1098
389
397
1099
390
398
1100
391
399
1101
392
400
1102
393
401
1103
394
402
1104
395
403
1105
404
1106
397
405
1107
398
406
1108
399
407
1109
400
408
1110
401
409
1111
402
410
1112
403
411
1113
404
412
1114
413
1115
406
414
1116
407
415
1117
408
416
1118
409
417
1119
410
418
1120
411
419
1121
412
420
1122
413
421
1123
422
1124
415
423
1125
416
424
1126
417
425
1127
418
426
1128
419
427
1129
420
428
1130
421
429
1131
422
430
1132
431
1133
424
432
1134
425
433
1135
426
434
1136
427
435
1137
428
436
1138
429
437
1139
430
438
1140
431
439
1141
440
1142
433
441
1143
434
442
1144
435
443
1145
436
444
1146
437
445
1147
438
446
1148
439
447
1149
440
448
1150
449
1151
442
450
1152
443
451
1153
444
452
1154
445
453
1155
446
454
1156
447
455
1157
448
456
1158
449
457
1159
458
1160
451
459
1161
452
460
1162
453
461
1163
454
462
1164
455
463
1165
456
464
1166
457
465
1167
458
466
1168
467
1169
460
468
1170
461
469
1171
462
470
1172
463
471
1173
464
472
1174
465
473
1175
466
474
1176
467
475
1177
476
1178
469
477
1179
470
478
1180
471
479
1181
472
480
1182
473
481
1183
474
482
1184
475
483
1185
476
484
1186
485
1187
478
486
1188
479
487
1189
480
488
1190
481
489
1191
482
490
1192
483
491
1193
484
492
1194
485
493
1195
494
1196
487
495
1197
488
496
1198
489
497
1199
490
498
1200
491
499
1201
492
500
1202
493
501
1203
494
502
1204
503
1205
496
504
1206
497
505
1207
498
506
1208
499
507
1209
500
508
1210
501
509
1211
502
510
1212
503
511
1213
512
1214
505
513
1215
506
514
1216
507
515
1217
508
516
1218
509
517
1219
510
518
1220
511
519
1221
512
520
1222
521
1223
514
522
1224
515
523
1225
516
524
1226
517
525
1227
518
526
1228
519
527
1229
520
528
1230
521
529
1231
530
1232
523
531
1233
524
532
1234
525
533
1235
526
534
1236
527
535
1237
528
536
1238
529
537
1239
530
538
1240
539
1241
532
540
1242
533
541
1243
534
542
1244
535
543
1245
536
544
1246
537
545
1247
538
546
1248
539
547
1249
548
1250
541
549
1251
542
550
1252
543
551
1253
544
552
1254
545
553
1255
546
554
1256
547
555
1257
548
556
1258
557
1259
550
558
1260
551
559
1261
552
560
1262
553
561
1263
554
562
1264
555
563
1265
556
564
1266
557
565
1267
566
1268
559
567
1269
560
568
1270
561
569
1271
562
570
1272
563
571
1273
564
572
1274
565
573
1275
566
574
1276
575
1277
568
576
1278
569
577
1279
570
578
1280
571
579
1281
572
580
1282
573
581
1283
574
582
1284
575
583
1285
584
1286
577
585
1287
578
586
1288
579
587
1289
580
588
1290
581
589
1291
582
590
1292
583
591
1293
584
592
1294
593
1295
586
594
1296
587
595
1297
588
596
1298
589
597
1299
590
598
1300
591
599
1301
592
600
1302
593
601
1303
602
1304
595
603
1305
596
604
1306
597
605
1307
598
606
1308
599
607
1309
600
608
1310
601
609
1311
602
610
1312
611
1313
604
612
1314
605
613
1315
606
614
1316
607
615
1317
608
616
1318
609
617
1319
610
618
1320
611
619
1321
620
1322
613
621
1323
614
622
1324
615
623
1325
616
624
1326
617
625
1327
618
626
1328
619
627
1329
620
628
1330
629
1331
622
630
1332
623
631
1333
624
632
1334
625
633
1335
626
634
1336
627
635
1337
628
636
1338
629
637
1339
638
1340
631
639
1341
632
640
1342
633
641
1343
634
642
1344
635
643
1345
636
644
1346
637
645
1347
638
646
1348
647
1349
640
648
1350
641
649
1351
642
650
1352
643
651
1353
644
652
1354
645
653
1355
646
654
1356
647
655
1357
656
1358
649
657
1359
650
658
1360
651
659
1361
652
660
1362
653
661
1363
654
662
1364
655
663
1365
656
664
1366
665
1367
658
666
1368
659
667
1369
660
668
1370
661
669
1371
662
670
1372
663
671
1373
664
672
1374
665
673
1375
674
1376
667
675
1377
668
676
1378
669
677
1379
670
678
1380
671
679
1381
672
680
1382
673
681
1383
674
682
1384
683
1385
676
684
1386
677
685
1387
678
686
1388
679
687
1389
680
688
1390
681
689
1391
682
690
1392
683
691
1393
692
1394
685
693
1395
686
694
1396
687
695
1397
688
696
1398
689
697
1399
690
698
1400
691
699
1401
692
700
1402
701
1403
694
702
1404
695
703
1405
696
704
1406
697
705
1407
698
706
1408
699
707
1409
700
708
1410
701
709
1411
710
1412
703
1413
704
1414
705
1415
706
1416
707
1417
708
1418
709
1419
710
1420
1421
712
720
1422
713
721
1423
714
722
1424
715
723
1425
716
724
1426
717
725
1427
718
726
1428
719
727
1429
728
1430
721
729
1431
722
730
1432
723
731
1433
724
732
1434
725
733
1435
726
734
1436
727
735
1437
728
736
1438
737
1439
730
738
1440
731
739
1441
732
740
1442
733
741
1443
734
742
1444
735
743
1445
736
744
1446
737
745
1447
746
1448
739
747
1449
740
748
1450
741
749
1451
742
750
1452
743
751
1453
744
752
1454
745
753
1455
746
754
1456
755
1457
748
756
1458
749
757
1459
750
758
1460
751
759
1461
752
760
1462
753
761
1463
754
762
1464
755
763
1465
764
1466
757
765
1467
758
766
1468
759
767
1469
760
768
1470
761
769
1471
762
770
1472
763
771
1473
764
772
1474
773
1475
766
774
1476
767
775
1477
768
776
1478
769
777
1479
770
778
1480
771
779
1481
772
780
1482
773
781
1483
782
1484
775
783
1485
776
784
1486
777
785
1487
778
786
1488
779
787
1489
780
788
1490
781
789
1491
782
790
1492
791
1493
784
792
1494
785
793
1495
786
794
1496
787
795
1497
788
796
1498
789
797
1499
790
798
1500
791
799
1501
800
1502
793
801
1503
794
802
1504
795
803
1505
796
804
1506
797
805
1507
798
806
1508
799
807
1509
800
808
1510
809
1511
802
810
1512
803
811
1513
804
812
1514
805
813
1515
806
814
1516
807
815
1517
808
816
1518
809
817
1519
818
1520
811
819
1521
812
820
1522
813
821
1523
814
822
1524
815
823
1525
816
824
1526
817
825
1527
818
826
1528
827
1529
820
828
1530
821
829
1531
822
830
1532
823
831
1533
824
832
1534
825
833
1535
826
834
1536
827
835
1537
836
1538
829
837
1539
830
838
1540
831
839
1541
832
840
1542
833
841
1543
834
842
1544
835
843
1545
836
844
1546
845
1547
838
846
1548
839
847
1549
840
848
1550
841
849
1551
842
850
1552
843
851
1553
844
852
1554
845
853
1555
854
1556
847
855
1557
848
856
1558
849
857
1559
850
858
1560
851
859
1561
852
860
1562
853
861
1563
854
862
1564
863
1565
856
864
1566
857
865
1567
858
866
1568
859
867
1569
860
868
1570
861
869
1571
862
870
1572
863
871
1573
872
1574
865
873
1575
866
874
1576
867
875
1577
868
876
1578
869
877
1579
870
878
1580
871
879
1581
872
880
1582
881
1583
874
882
1584
875
883
1585
876
884
1586
877
885
1587
878
886
1588
879
887
1589
880
888
1590
881
889
1591
890
1592
883
891
1593
884
892
1594
885
893
1595
886
894
1596
887
895
1597
888
896
1598
889
897
1599
890
898
1600
899
1601
892
900
1602
893
901
1603
894
902
1604
895
903
1605
896
904
1606
897
905
1607
898
906
1608
899
907
1609
908
1610
901
909
1611
902
910
1612
903
911
1613
904
912
1614
905
913
1615
906
914
1616
907
915
1617
908
916
1618
917
1619
910
918
1620
911
919
1621
912
920
1622
913
921
1623
914
922
1624
915
923
1625
916
924
1626
917
925
1627
926
1628
919
927
1629
920
928
1630
921
929
1631
922
930
1632
923
931
1633
924
932
1634
925
933
1635
926
934
1636
935
1637
928
936
1638
929
937
1639
930
938
1640
931
939
1641
932
940
1642
933
941
1643
934
942
1644
935
943
1645
944
1646
937
945
1647
938
946
1648
939
947
1649
940
948
1650
941
949
1651
942
950
1652
943
951
1653
944
952
1654
953
1655
946
954
1656
947
955
1657
948
956
1658
949
957
1659
950
958
1660
951
959
1661
952
960
1662
953
961
1663
962
1664
955
963
1665
956
964
1666
957
965
1667
958
966
1668
959
967
1669
960
968
1670
961
969
1671
962
970
1672
971
1673
964
972
1674
965
973
1675
966
974
1676
967
975
1677
968
976
1678
969
977
1679
970
978
1680
971
979
1681
980
1682
973
981
1683
974
982
1684
975
983
1685
976
984
1686
977
985
1687
978
986
1688
979
987
1689
980
988
1690
989
1691
982
990
1692
983
991
1693
984
992
1694
985
993
1695
986
994
1696
987
995
1697
988
996
1698
989
997
1699
998
1700
991
999
1701
992
1000
1702
993
1001
1703
994
1002
1704
995
1003
1705
996
1004
1706
997
1005
1707
998
1006
1708
1007
1709
1000
1008
1710
1001
1009
1711
1002
1010
1712
1003
1011
1713
1004
1012
1714
1005
1013
1715
1006
1014
1716
1007
1015
1717
1016
1718
1009
1017
1719
1010
1018
1720
1011
1019
1721
1012
1020
1722
1013
1021
1723
1014
1022
1724
1015
1023
1725
1016
1024
1726
1025
1727
1018
1026
1728
1019
1027
1729
1020
1028
1730
1021
1029
1731
1022
1030
1732
1023
1031
1733
1024
1032
1734
1025
1033
1735
1034
1736
1027
1035
1737
1028
1036
1738
1029
1037
1739
1030
1038
1740
1031
1039
1741
1032
1040
1742
1033
1041
1743
1034
1042
1744
1043
1745
1036
1044
1746
1037
1045
1747
1038
1046
1748
1039
1047
1749
1040
1048
1750
1041
1049
1751
1042
1050
1752
1043
1051
1753
1052
1754
1045
1053
1755
1046
1054
1756
1047
1055
1757
1048
1056
1758
1049
1057
1759
1050
1058
1760
1051
1059
1761
1052
1060
1762
1061
1763
1054
1062
1764
1055
1063
1765
1056
1064
1766
1057
1065
1767
1058
1066
1768
1059
1067
1769
1060
1068
1770
1061
1069
1771
1070
1772
1063
1071
1773
1064
1072
1774
1065
1073
1775
1066
1074
1776
1067
1075
1777
1068
1076
1778
1069
1077
1779
1070
1078
1780
1079
1781
1072
1080
1782
1073
1081
1783
1074
1082
1784
1075
1083
1785
1076
1084
1786
1077
1085
1787
1078
1086
1788
1079
1087
1789
1088
1790
1081
1089
1791
1082
1090
1792
1083
1091
1793
1084
1092
1794
1085
1093
1795
1086
1094
1796
1087
1095
1797
1088
1096
1798
1097
1799
1090
1098
1800
1091
1099
1801
1092
1100
1802
1093
1101
1803
1094
1102
1804
1095
1103
1805
1096
1104
1806
1097
1105
1807
1106
1808
1099
1107
1809
1100
1108
1810
1101
1109
1811
1102
1110
1812
1103
1111
1813
1104
1112
1814
1105
1113
1815
1106
1114
1816
1115
1817
1108
1116
1818
1109
1117
1819
1110
1118
1820
1111
1119
1821
1112
1120
1822
1113
1121
1823
1114
1122
1824
1115
1123
1825
1124
1826
1117
1125
1827
1118
1126
1828
1119
1127
1829
1120
1128
1830
1121
1129
1831
1122
1130
1832
1123
1131
1833
1124
1132
1834
1133
1835
1126
1134
1836
1127
1135
1837
1128
1136
1838
1129
1137
1839
1130
1138
1840
1131
1139
1841
1132
1140
1842
1133
1141
1843
1142
1844
1135
1143
1845
1136
1144
1846
1137
1145
1847
1138
1146
1848
1139
1147
1849
1140
1148
1850
1141
1149
1851
1142
1150
1852
1151
1853
1144
1152
1854
1145
1153
1855
1146
1154
1856
1147
1155
1857
1148
1156
1858
1149
1157
1859
1150
1158
1860
1151
1159
1861
1160
1862
1153
1161
1863
1154
1162
1864
1155
1163
1865
1156
1164
1866
1157
1165
1867
1158
1166
1868
1159
1167
1869
1160
1168
1870
1169
1871
1162
1170
1872
1163
1171
1873
1164
1172
1874
1165
1173
1875
1166
1174
1876
1167
1175
1877
1168
1176
1878
1169
1177
1879
1178
1880
1171
1179
1881
1172
1180
1882
1173
1181
1883
1174
1182
1884
1175
1183
1885
1176
1184
1886
1177
1185
1887
1178
1186
1888
1187
1889
1180
1188
1890
1181
1189
1891
1182
1190
1892
1183
1191
1893
1184
1192
1894
1185
1193
1895
1186
1194
1896
1187
1195
1897
1196
1898
1189
1197
1899
1190
1198
1900
1191
1199
1901
1192
1200
1902
1193
1201
1903
1194
1202
1904
1195
1203
1905
1196
1204
1906
1205
1907
1198
1206
1908
1199
1207
1909
1200
1208
1910
1201
1209
1911
1202
1210
1912
1203
1211
1913
1204
1212
1914
1205
1213
1915
1214
1916
1207
1215
1917
1208
1216
1918
1209
1217
1919
1210
1218
1920
1211
1219
1921
1212
1220
1922
1213
1221
1923
1214
1222
1924
1223
1925
1216
1224
1926
1217
1225
1927
1218
1226
1928
1219
1227
1929
1220
1228
1930
1221
1229
1931
1222
1230
1932
1223
1231
1933
1232
1934
1225
1233
1935
1226
1234
1936
1227
1235
1937
1228
1236
1938
1229
1237
1939
1230
1238
1940
1231
1239
1941
1232
1240
1942
1241
1943
1234
1242
1944
1235
1243
1945
1236
1244
1946
1237
1245
1947
1238
1246
1948
1239
1247
1949
1240
1248
1950
1241
1249
1951
1250
1952
1243
1251
1953
1244
1252
1954
1245
1253
1955
1246
1254
1956
1247
1255
1957
1248
1256
1958
1249
1257
1959
1250
1258
1960
1259
1961
1252
1260
1962
1253
1261
1963
1254
1262
1964
1255
1263
1965
1256
1264
1966
1257
1265
1967
1258
1266
1968
1259
1267
1969
1268
1970
1261
1269
1971
1262
1270
1972
1263
1271
1973
1264
1272
1974
1265
1273
1975
1266
1274
1976
1267
1275
1977
1268
1276
1978
1277
1979
1270
1278
1980
1271
1279
1981
1272
1280
1982
1273
1281
1983
1274
1282
1984
1275
1283
1985
1276
1284
1986
1277
1285
1987
1286
1988
1279
1287
1989
1280
1288
1990
1281
1289
1991
1282
1290
1992
1283
1291
1993
1284
1292
1994
1285
1293
1995
1286
1294
1996
1295
1997
1288
1296
1998
1289
1297
1999
1290
1298
2000
1291
1299
2001
1292
1300
2002
1293
1301
2003
1294
1302
2004
1295
1303
2005
1304
2006
1297
1305
2007
1298
1306
2008
1299
1307
2009
1300
1308
2010
1301
1309
2011
1302
1310
2012
1303
1311
2013
1304
1312
2014
1313
2015
1306
1314
2016
1307
1315
2017
1308
1316
2018
1309
1317
2019
1310
1318
2020
1311
1319
2021
1312
1320
2022
1313
1321
2023
1322
2024
1315
1323
2025
1316
1324
2026
1317
1325
2027
1318
1326
2028
1319
1327
2029
1320
1328
2030
1321
1329
2031
1322
1330
2032
1331
2033
1324
1332
2034
1325
1333
2035
1326
1334
2036
1327
1335
2037
1328
1336
2038
1329
1337
2039
1330
1338
2040
1331
1339
2041
1340
2042
1333
1341
2043
1334
1342
2044
1335
1343
2045
1336
1344
2046
1337
1345
2047
1338
1346
2048
1339
1347
2049
1340
1348
2050
1349
2051
1342
1350
2052
1343
1351
2053
1344
1352
2054
1345
1353
2055
1346
1354
2056
1347
1355
2057
1348
1356
2058
1349
1357
2059
1358
2060
1351
1359
2061
1352
1360
2062
1353
1361
2063
1354
1362
2064
1355
1363
2065
1356
1364
2066
1357
1365
2067
1358
1366
2068
1367
2069
1360
1368
2070
1361
1369
2071
1362
1370
2072
1363
1371
2073
1364
1372
2074
1365
1373
2075
1366
1374
2076
1367
1375
2077
1376
2078
1369
1377
2079
1370
1378
2080
1371
1379
2081
1372
1380
2082
1373
1381
2083
1374
1382
2084
1375
1383
2085
1376
1384
2086
1385
2087
1378
1386
2088
1379
1387
2089
1380
1388
2090
1381
1389
2091
1382
1390
2092
1383
1391
2093
1384
1392
2094
1385
1393
2095
1394
2096
1387
1395
2097
1388
1396
2098
1389
1397
2099
1390
1398
2100
1391
1399
2101
1392
1400
2102
1393
1401
2103
1394
1402
2104
1403
2105
1396
1404
2106
1397
1405
2107
1398
1406
2108
1399
1407
2109
1400
1408
2110
1401
1409
2111
1402
1410
2112
1403
1411
2113
1412
2114
1405
1413
2115
1406
1414
2116
1407
1415
2117
1408
1416
2118
1409
1417
2119
1410
1418
2120
1411
1419
2121
1412
1420
2122
1421
2123
1414
2124
1415
2125
1416
2126
1417
2127
1418
2128
1419
2129
1420
2130
1421
2131
2132
1423
1431
2133
1424
1432
2134
1425
1433
2135
1426
1434
2136
1427
1435
2137
1428
1436
2138
1429
1437
2139
1430
1438
2140
1439
2141
1432
1440
2142
1433
1441
2143
1434
1442
2144
1435
1443
2145
1436
1444
2146
1437
1445
2147
1438
1446
2148
1439
1447
2149
1448
2150
1441
1449
2151
1442
1450
2152
1443
1451
2153
1444
1452
2154
1445
1453
2155
1446
1454
2156
1447
1455
2157
1448
1456
2158
1457
2159
1450
1458
2160
1451
1459
2161
1452
1460
2162
1453
1461
2163
1454
1462
2164
1455
1463
2165
1456
1464
2166
1457
1465
2167
1466
2168
1459
1467
2169
1460
1468
2170
1461
1469
2171
1462
1470
2172
1463
1471
2173
1464
1472
2174
1465
1473
2175
1466
1474
2176
1475
2177
1468
1476
2178
1469
1477
2179
1470
1478
2180
1471
1479
2181
1472
1480
2182
1473
1481
2183
1474
1482
2184
1475
1483
2185
1484
2186
1477
1485
2187
1478
1486
2188
1479
1487
2189
1480
1488
2190
1481
1489
2191
1482
1490
2192
1483
1491
2193
1484
1492
2194
1493
2195
1486
1494
2196
1487
1495
2197
1488
1496
2198
1489
1497
2199
1490
1498
2200
1491
1499
2201
1492
1500
2202
1493
1501
2203
1502
2204
1495
1503
2205
1496
1504
2206
1497
1505
2207
1498
1506
2208
1499
1507
2209
1500
1508
2210
1501
1509
2211
1502
1510
2212
1511
2213
1504
1512
2214
1505
1513
2215
1506
1514
2216
1507
1515
2217
1508
1516
2218
1509
1517
2219
1510
1518
2220
1511
1519
2221
1520
2222
1513
1521
2223
1514
1522
2224
1515
1523
2225
1516
1524
2226
1517
1525
2227
1518
1526
2228
1519
1527
2229
1520
1528
2230
1529
2231
1522
1530
2232
1523
1531
2233
1524
1532
2234
1525
1533
2235
1526
1534
2236
1527
1535
2237
1528
1536
2238
1529
1537
2239
1538
2240
1531
1539
2241
1532
1540
2242
1533
1541
2243
1534
1542
2244
1535
1543
2245
1536
1544
2246
1537
1545
2247
1538
1546
2248
1547
2249
1540
1548
2250
1541
1549
2251
1542
1550
2252
1543
1551
2253
1544
1552
2254
1545
1553
2255
1546
1554
2256
1547
1555
2257
1556
2258
1549
1557
2259
1550
1558
2260
1551
1559
2261
1552
1560
2262
1553
1561
2263
1554
1562
2264
1555
1563
2265
1556
1564
2266
1565
2267
1558
1566
2268
1559
1567
2269
1560
1568
2270
1561
1569
2271
1562
1570
2272
1563
1571
2273
1564
1572
2274
1565
1573
2275
1574
2276
1567
1575
2277
1568
1576
2278
1569
1577
2279
1570
1578
2280
1571
1579
2281
1572
1580
2282
1573
1581
2283
1574
1582
2284
1583
2285
1576
1584
2286
1577
1585
2287
1578
1586
2288
1579
1587
2289
1580
1588
2290
1581
1589
2291
1582
1590
2292
1583
1591
2293
1592
2294
1585
1593
2295
1586
1594
2296
1587
1595
2297
1588
1596
2298
1589
1597
2299
1590
1598
2300
1591
1599
2301
1592
1600
2302
1601
2303
1594
1602
2304
1595
1603
2305
1596
1604
2306
1597
1605
2307
1598
1606
2308
1599
1607
2309
1600
1608
2310
1601
1609
2311
1610
2312
1603
1611
2313
1604
1612
2314
1605
1613
2315
1606
1614
2316
1607
1615
2317
1608
1616
2318
1609
1617
2319
1610
1618
2320
1619
2321
1612
1620
2322
1613
1621
2323
1614
1622
2324
1615
1623
2325
1616
1624
2326
1617
1625
2327
1618
1626
2328
1619
1627
2329
1628
2330
1621
1629
2331
1622
1630
2332
1623
1631
2333
1624
1632
2334
1625
1633
2335
1626
1634
2336
1627
1635
2337
1628
1636
2338
1637
2339
1630
1638
2340
1631
1639
2341
1632
1640
2342
1633
1641
2343
1634
1642
2344
1635
1643
2345
1636
1644
2346
1637
1645
2347
1646
2348
1639
1647
2349
1640
1648
2350
1641
1649
2351
1642
1650
2352
1643
1651
2353
1644
1652
2354
1645
1653
2355
1646
1654
2356
1655
2357
1648
1656
2358
1649
1657
2359
1650
1658
2360
1651
1659
2361
1652
1660
2362
1653
1661
2363
1654
1662
2364
1655
1663
2365
1664
2366
1657
1665
2367
1658
1666
2368
1659
1667
2369
1660
1668
2370
1661
1669
2371
1662
1670
2372
1663
1671
2373
1664
1672
2374
1673
2375
1666
1674
2376
1667
1675
2377
1668
1676
2378
1669
1677
2379
1670
1678
2380
1671
1679
2381
1672
1680
2382
1673
1681
2383
1682
2384
1675
1683
2385
1676
1684
2386
1677
1685
2387
1678
1686
2388
1679
1687
2389
1680
1688
2390
1681
1689
2391
1682
1690
2392
1691
2393
1684
1692
2394
1685
1693
2395
1686
1694
2396
1687
1695
2397
1688
1696
2398
1689
1697
2399
1690
1698
2400
1691
1699
2401
1700
2402
1693
1701
2403
1694
1702
2404
1695
1703
2405
1696
1704
2406
1697
1705
2407
1698
1706
2408
1699
1707
2409
1700
1708
2410
1709
2411
1702
1710
2412
1703
1711
2413
1704
1712
2414
1705
1713
2415
1706
1714
2416
1707
1715
2417
1708
1716
2418
1709
1717
2419
1718
2420
1711
1719
2421
1712
1720
2422
1713
1721
2423
1714
1722
2424
1715
1723
2425
1716
1724
2426
1717
1725
2427
1718
1726
2428
1727
2429
1720
1728
2430
1721
1729
2431
1722
1730
2432
1723
1731
2433
1724
1732
2434
1725
1733
2435
1726
1734
2436
1727
1735
2437
1736
2438
1729
1737
2439
1730
1738
2440
1731
1739
2441
1732
1740
2442
1733
1741
2443
1734
1742
2444
1735
1743
2445
1736
1744
2446
1745
2447
1738
1746
2448
1739
1747
2449
1740
1748
2450
1741
1749
2451
1742
1750
2452
1743
1751
2453
1744
1752
2454
1745
1753
2455
1754
2456
1747
1755
2457
1748
1756
2458
1749
1757
2459
1750
1758
2460
1751
1759
2461
1752
1760
2462
1753
1761
2463
1754
1762
2464
1763
2465
1756
1764
2466
1757
1765
2467
1758
1766
2468
1759
1767
2469
1760
1768
2470
1761
1769
2471
1762
1770
2472
1763
1771
2473
1772
2474
1765
1773
2475
1766
1774
2476
1767
1775
2477
1768
1776
2478
1769
1777
2479
1770
1778
2480
1771
1779
2481
1772
1780
2482
1781
2483
1774
1782
2484
1775
1783
2485
1776
1784
2486
1777
1785
2487
1778
1786
2488
1779
1787
2489
1780
1788
2490
1781
1789
2491
1790
2492
1783
1791
2493
1784
1792
2494
1785
1793
2495
1786
1794
2496
1787
1795
2497
1788
1796
2498
1789
1797
2499
1790
1798
2500
1799
2501
1792
1800
2502
1793
1801
2503
1794
1802
2504
1795
1803
2505
1796
1804
2506
1797
1805
2507
1798
1806
2508
1799
1807
2509
1808
2510
1801
1809
2511
1802
1810
2512
1803
1811
2513
1804
1812
2514
1805
1813
2515
1806
1814
2516
1807
1815
2517
1808
1816
2518
1817
2519
1810
1818
2520
1811
1819
2521
1812
1820
2522
1813
1821
2523
1814
1822
2524
1815
1823
2525
1816
1824
2526
1817
1825
2527
1826
2528
1819
1827
2529
1820
1828
2530
1821
1829
2531
1822
1830
2532
1823
1831
2533
1824
1832
2534
1825
1833
2535
1826
1834
2536
1835
2537
1828
1836
2538
1829
1837
2539
1830
1838
2540
1831
1839
2541
1832
1840
2542
1833
1841
2543
1834
1842
2544
1835
1843
2545
1844
2546
1837
1845
2547
1838
1846
2548
1839
1847
2549
1840
1848
2550
1841
1849
2551
1842
1850
2552
1843
1851
2553
1844
1852
2554
1853
2555
1846
1854
2556
1847
1855
2557
1848
1856
2558
1849
1857
2559
1850
1858
2560
1851
1859
2561
1852
1860
2562
1853
1861
2563
1862
2564
1855
1863
2565
1856
1864
2566
1857
1865
2567
1858
1866
2568
1859
1867
2569
1860
1868
2570
1861
1869
2571
1862
1870
2572
1871
2573
1864
1872
2574
1865
1873
2575
1866
1874
2576
1867
1875
2577
1868
1876
2578
1869
1877
2579
1870
1878
2580
1871
1879
2581
1880
2582
1873
1881
2583
1874
1882
2584
1875
1883
2585
1876
1884
2586
1877
1885
2587
1878
1886
2588
1879
1887
2589
1880
1888
2590
1889
2591
1882
1890
2592
1883
1891
2593
1884
1892
2594
1885
1893
2595
1886
1894
2596
1887
1895
2597
1888
1896
2598
1889
1897
2599
1898
2600
1891
1899
2601
1892
1900
2602
1893
1901
2603
1894
1902
2604
1895
1903
2605
1896
1904
2606
1897
1905
2607
1898
1906
2608
1907
2609
1900
1908
2610
1901
1909
2611
1902
1910
2612
1903
1911
2613
1904
1912
2614
1905
1913
2615
1906
1914
2616
1907
1915
2617
1916
2618
1909
1917
2619
1910
1918
2620
1911
1919
2621
1912
1920
2622
1913
1921
2623
1914
1922
2624
1915
1923
2625
1916
1924
2626
1925
2627
1918
1926
2628
1919
1927
2629
1920
1928
2630
1921
1929
2631
1922
1930
2632
1923
1931
2633
1924
1932
2634
1925
1933
2635
1934
2636
1927
1935
2637
1928
1936
2638
1929
1937
2639
1930
1938
2640
1931
1939
2641
1932
1940
2642
1933
1941
2643
1934
1942
2644
1943
2645
1936
1944
2646
1937
1945
2647
1938
1946
2648
1939
1947
2649
1940
1948
2650
1941
1949
2651
1942
1950
2652
1943
1951
2653
1952
2654
1945
1953
2655
1946
1954
2656
1947
1955
2657
1948
1956
2658
1949
1957
2659
1950
1958
2660
1951
1959
2661
1952
1960
2662
1961
2663
1954
1962
2664
1955
1963
2665
1956
1964
2666
1957
1965
2667
1958
1966
2668
1959
1967
2669
1960
1968
2670
1961
1969
2671
1970
2672
1963
1971
2673
1964
1972
2674
1965
1973
2675
1966
1974
2676
1967
1975
2677
1968
1976
2678
1969
1977
2679
1970
1978
2680
1979
2681
1972
1980
2682
1973
1981
2683
1974
1982
2684
1975
1983
2685
1976
1984
2686
1977
1985
2687
1978
1986
2688
1979
1987
2689
1988
2690
1981
1989
2691
1982
1990
2692
1983
1991
2693
1984
1992
2694
1985
1993
2695
1986
1994
2696
1987
1995
2697
1988
1996
2698
1997
2699
1990
1998
2700
1991
1999
2701
1992
2000
2702
1993
2001
2703
1994
2002
2704
1995
2003
2705
1996
2004
2706
1997
2005
2707
2006
2708
1999
2007
2709
2000
2008
2710
2001
2009
2711
2002
2010
2712
2003
2011
2713
2004
2012
2714
2005
2013
2715
2006
2014
2716
2015
2717
2008
2016
2718
2009
2017
2719
2010
2018
2720
2011
2019
2721
2012
2020
2722
2013
2021
2723
2014
2022
2724
2015
2023
2725
2024
2726
2017
2025
2727
2018
2026
2728
2019
2027
2729
2020
2028
2730
2021
2029
2731
2022
2030
2732
2023
2031
2733
2024
2032
2734
2033
2735
2026
2034
2736
2027
2035
2737
2028
2036
2738
2029
2037
2739
2030
2038
2740
2031
2039
2741
2032
2040
2742
2033
2041
2743
2042
2744
2035
2043
2745
2036
2044
2746
2037
2045
2747
2038
2046
2748
2039
2047
2749
2040
2048
2750
2041
2049
2751
2042
2050
2752
2051
2753
2044
2052
2754
2045
2053
2755
2046
2054
2756
2047
2055
2757
2048
2056
2758
2049
2057
2759
2050
2058
2760
2051
2059
2761
2060
2762
2053
2061
2763
2054
2062
2764
2055
2063
2765
2056
2064
2766
2057
2065
2767
2058
2066
2768
2059
2067
2769
2060
2068
2770
2069
2771
2062
2070
2772
2063
2071
2773
2064
2072
2774
2065
2073
2775
2066
2074
2776
2067
2075
2777
2068
2076
2778
2069
2077
2779
2078
2780
2071
2079
2781
2072
2080
2782
2073
2081
2783
2074
2082
2784
2075
2083
2785
2076
2084
2786
2077
2085
2787
2078
2086
2788
2087
2789
2080
2088
2790
2081
2089
2791
2082
2090
2792
2083
2091
2793
2084
2092
2794
2085
2093
2795
2086
2094
2796
2087
2095
2797
2096
2798
2089
2097
2799
2090
2098
2800
2091
2099
2801
2092
2100
2802
2093
2101
2803
2094
2102
2804
2095
2103
2805
2096
2104
2806
2105
2807
2098
2106
2808
2099
2107
2809
2100
2108
2810
2101
2109
2811
2102
2110
2812
2103
2111
2813
2104
2112
2814
2105
2113
2815
2114
2816
2107
2115
2817
2108
2116
2818
2109
2117
2819
2110
2118
2820
2111
2119
2821
2112
2120
2822
2113
2121
2823
2114
2122
2824
2123
2825
2116
2124
2826
2117
2125
2827
2118
2126
2828
2119
2127
2829
2120
2128
2830
2121
2129
2831
2122
2130
2832
2123
2131
2833
2132
2834
2125
2835
2126
2836
2127
2837
2128
2838
2129
2839
2130
2840
2131
2841
2132
2842
2843
2134
2142
2844
2135
2143
2845
2136
2144
2846
2137
2145
2847
2138
2146
2848
2139
2147
2849
2140
2148
2850
2141
2149
2851
2150
2852
2143
2151
2853
2144
2152
2854
2145
2153
2855
2146
2154
2856
2147
2155
2857
2148
2156
2858
2149
2157
2859
2150
2158
2860
2159
2861
2152
2160
2862
2153
2161
2863
2154
2162
2864
2155
2163
2865
2156
2164
2866
2157
2165
2867
2158
2166
2868
2159
2167
2869
2168
2870
2161
2169
2871
2162
2170
2872
2163
2171
2873
2164
2172
2874
2165
2173
2875
2166
2174
2876
2167
2175
2877
2168
2176
2878
2177
2879
2170
2178
2880
2171
2179
2881
2172
2180
2882
2173
2181
2883
2174
2182
2884
2175
2183
2885
2176
2184
2886
2177
2185
2887
2186
2888
2179
2187
2889
2180
2188
2890
2181
2189
2891
2182
2190
2892
2183
2191
2893
2184
2192
2894
2185
2193
2895
2186
2194
2896
2195
2897
2188
2196
2898
2189
2197
2899
2190
2198
2900
2191
2199
2901
2192
2200
2902
2193
2201
2903
2194
2202
2904
2195
2203
2905
2204
2906
2197
2205
2907
2198
2206
2908
2199
2207
2909
2200
2208
2910
2201
2209
2911
2202
2210
2912
2203
2211
2913
2204
2212
2914
2213
2915
2206
2214
2916
2207
2215
2917
2208
2216
2918
2209
2217
2919
2210
2218
2920
2211
2219
2921
2212
2220
2922
2213
2221
2923
2222
2924
2215
2223
2925
2216
2224
2926
2217
2225
2927
2218
2226
2928
2219
2227
2929
2220
2228
2930
2221
2229
2931
2222
2230
2932
2231
2933
2224
2232
2934
2225
2233
2935
2226
2234
2936
2227
2235
2937
2228
2236
2938
2229
2237
2939
2230
2238
2940
2231
2239
2941
2240
2942
2233
2241
2943
2234
2242
2944
2235
2243
2945
2236
2244
2946
2237
2245
2947
2238
2246
2948
2239
2247
2949
2240
2248
2950
2249
2951
2242
2250
2952
2243
2251
2953
2244
2252
2954
2245
2253
2955
2246
2254
2956
2247
2255
2957
2248
2256
2958
2249
2257
2959
2258
2960
2251
2259
2961
2252
2260
2962
2253
2261
2963
2254
2262
2964
2255
2263
2965
2256
2264
2966
2257
2265
2967
2258
2266
2968
2267
2969
2260
2268
2970
2261
2269
2971
2262
2270
2972
2263
2271
2973
2264
2272
2974
2265
2273
2975
2266
2274
2976
2267
2275
2977
2276
2978
2269
2277
2979
2270
2278
2980
2271
2279
2981
2272
2280
2982
2273
2281
2983
2274
2282
2984
2275
2283
2985
2276
2284
2986
2285
2987
2278
2286
2988
2279
2287
2989
2280
2288
2990
2281
2289
2991
2282
2290
2992
2283
2291
2993
2284
2292
2994
2285
2293
2995
2294
2996
2287
2295
2997
2288
2296
2998
2289
2297
2999
2290
2298
3000
2291
2299
3001
2292
2300
3002
2293
2301
3003
2294
2302
3004
2303
3005
2296
2304
3006
2297
2305
3007
2298
2306
3008
2299
2307
3009
2300
2308
3010
2301
2309
3011
2302
2310
3012
2303
2311
3013
2312
3014
2305
2313
3015
2306
2314
3016
2307
2315
3017
2308
2316
3018
2309
2317
3019
2310
2318
3020
2311
2319
3021
2312
2320
3022
2321
3023
2314
2322
3024
2315
2323
3025
2316
2324
3026
2317
2325
3027
2318
2326
3028
2319
2327
3029
2320
2328
3030
2321
2329
3031
2330
3032
2323
2331
3033
2324
2332
3034
2325
2333
3035
2326
2334
3036
2327
2335
3037
2328
2336
3038
2329
2337
3039
2330
2338
3040
2339
3041
2332
2340
3042
2333
2341
3043
2334
2342
3044
2335
2343
3045
2336
2344
3046
2337
2345
3047
2338
2346
3048
2339
2347
3049
2348
3050
2341
2349
3051
2342
2350
3052
2343
2351
3053
2344
2352
3054
2345
2353
3055
2346
2354
3056
2347
2355
3057
2348
2356
3058
2357
3059
2350
2358
3060
2351
2359
3061
2352
2360
3062
2353
2361
3063
2354
2362
3064
2355
2363
3065
2356
2364
3066
2357
2365
3067
2366
3068
2359
2367
3069
2360
2368
3070
2361
2369
3071
2362
2370
3072
2363
2371
3073
2364
2372
3074
2365
2373
3075
2366
2374
3076
2375
3077
2368
2376
3078
2369
2377
3079
2370
2378
3080
2371
2379
3081
2372
2380
3082
2373
2381
3083
2374
2382
3084
2375
2383
3085
2384
3086
2377
2385
3087
2378
2386
3088
2379
2387
3089
2380
2388
3090
2381
2389
3091
2382
2390
3092
2383
2391
3093
2384
2392
3094
2393
3095
2386
2394
3096
2387
2395
3097
2388
2396
3098
2389
2397
3099
2390
2398
3100
2391
2399
3101
2392
2400
3102
2393
2401
3103
2402
3104
2395
2403
3105
2396
2404
3106
2397
2405
3107
2398
2406
3108
2399
2407
3109
2400
2408
3110
2401
2409
3111
2402
2410
3112
2411
3113
2404
2412
3114
2405
2413
3115
2406
2414
3116
2407
2415
3117
2408
2416
3118
2409
2417
3119
2410
2418
3120
2411
2419
3121
2420
3122
2413
2421
3123
2414
2422
3124
2415
2423
3125
2416
2424
3126
2417
2425
3127
2418
2426
3128
2419
2427
3129
2420
2428
3130
2429
3131
2422
2430
3132
2423
2431
3133
2424
2432
3134
2425
2433
3135
2426
2434
3136
2427
2435
3137
2428
2436
3138
2429
2437
3139
2438
3140
2431
2439
3141
2432
2440
3142
2433
2441
3143
2434
2442
3144
2435
2443
3145
2436
2444
3146
2437
2445
3147
2438
2446
3148
2447
3149
2440
2448
3150
2441
2449
3151
2442
2450
3152
2443
2451
3153
2444
2452
3154
2445
2453
3155
2446
2454
3156
2447
2455
3157
2456
3158
2449
2457
3159
2450
2458
3160
2451
2459
3161
2452
2460
3162
2453
2461
3163
2454
2462
3164
2455
2463
3165
2456
2464
3166
2465
3167
2458
2466
3168
2459
2467
3169
2460
2468
3170
2461
2469
3171
2462
2470
3172
2463
2471
3173
2464
2472
3174
2465
2473
3175
2474
3176
2467
2475
3177
2468
2476
3178
2469
2477
3179
2470
2478
3180
2471
2479
3181
2472
2480
3182
2473
2481
3183
2474
2482
3184
2483
3185
2476
2484
3186
2477
2485
3187
2478
2486
3188
2479
2487
3189
2480
2488
3190
2481
2489
3191
2482
2490
3192
2483
2491
3193
2492
3194
2485
2493
3195
2486
2494
3196
2487
2495
3197
2488
2496
3198
2489
2497
3199
2490
2498
3200
2491
2499
3201
2492
2500
3202
2501
3203
2494
2502
3204
2495
2503
3205
2496
2504
3206
2497
2505
3207
2498
2506
3208
2499
2507
3209
2500
2508
3210
2501
2509
3211
2510
3212
2503
2511
3213
2504
2512
3214
2505
2513
3215
2506
2514
3216
2507
2515
3217
2508
2516
3218
2509
2517
3219
2510
2518
3220
2519
3221
2512
2520
3222
2513
2521
3223
2514
2522
3224
2515
2523
3225
2516
2524
3226
2517
2525
3227
2518
2526
3228
2519
2527
3229
2528
3230
2521
2529
3231
2522
2530
3232
2523
2531
3233
2524
2532
3234
2525
2533
3235
2526
2534
3236
2527
2535
3237
2528
2536
3238
2537
3239
2530
2538
3240
2531
2539
3241
2532
2540
3242
2533
2541
3243
2534
2542
3244
2535
2543
3245
2536
2544
3246
2537
2545
3247
2546
3248
2539
2547
3249
2540
2548
3250
2541
2549
3251
2542
2550
3252
2543
2551
3253
2544
2552
3254
2545
2553
3255
2546
2554
3256
2555
3257
2548
2556
3258
2549
2557
3259
2550
2558
3260
2551
2559
3261
2552
2560
3262
2553
2561
3263
2554
2562
3264
2555
2563
3265
2564
3266
2557
2565
3267
2558
2566
3268
2559
2567
3269
2560
2568
3270
2561
2569
3271
2562
2570
3272
2563
2571
3273
2564
2572
3274
2573
3275
2566
2574
3276
2567
2575
3277
2568
2576
3278
2569
2577
3279
2570
2578
3280
2571
2579
3281
2572
2580
3282
2573
2581
3283
2582
3284
2575
2583
3285
2576
2584
3286
2577
2585
3287
2578
2586
3288
2579
2587
3289
2580
2588
3290
2581
2589
3291
2582
2590
3292
2591
3293
2584
2592
3294
2585
2593
3295
2586
2594
3296
2587
2595
3297
2588
2596
3298
2589
2597
3299
2590
2598
3300
2591
2599
3301
2600
3302
2593
2601
3303
2594
2602
3304
2595
2603
3305
2596
2604
3306
2597
2605
3307
2598
2606
3308
2599
2607
3309
2600
2608
3310
2609
3311
2602
2610
3312
2603
2611
3313
2604
2612
3314
2605
2613
3315
2606
2614
3316
2607
2615
3317
2608
2616
3318
2609
2617
3319
2618
3320
2611
2619
3321
2612
2620
3322
2613
2621
3323
2614
2622
3324
2615
2623
3325
2616
2624
3326
2617
2625
3327
2618
2626
3328
2627
3329
2620
2628
3330
2621
2629
3331
2622
2630
3332
2623
2631
3333
2624
2632
3334
2625
2633
3335
2626
2634
3336
2627
2635
3337
2636
3338
2629
2637
3339
2630
2638
3340
2631
2639
3341
2632
2640
3342
2633
2641
3343
2634
2642
3344
2635
2643
3345
2636
2644
3346
2645
3347
2638
2646
3348
2639
2647
3349
2640
2648
3350
2641
2649
3351
2642
2650
3352
2643
2651
3353
2644
2652
3354
2645
2653
3355
2654
3356
2647
2655
3357
2648
2656
3358
2649
2657
3359
2650
2658
3360
2651
2659
3361
2652
2660
3362
2653
2661
3363
2654
2662
3364
2663
3365
2656
2664
3366
2657
2665
3367
2658
2666
3368
2659
2667
3369
2660
2668
3370
2661
2669
3371
2662
2670
3372
2663
2671
3373
2672
3374
2665
2673
3375
2666
2674
3376
2667
2675
3377
2668
2676
3378
2669
2677
3379
2670
2678
3380
2671
2679
3381
2672
2680
3382
2681
3383
2674
2682
3384
2675
2683
3385
2676
2684
3386
2677
2685
3387
2678
2686
3388
2679
2687
3389
2680
2688
3390
2681
2689
3391
2690
3392
2683
2691
3393
2684
2692
3394
2685
2693
3395
2686
2694
3396
2687
2695
3397
2688
2696
3398
2689
2697
3399
2690
2698
3400
2699
3401
2692
2700
3402
2693
2701
3403
2694
2702
3404
2695
2703
3405
2696
2704
3406
2697
2705
3407
2698
2706
3408
2699
2707
3409
2708
3410
2701
2709
3411
2702
2710
3412
2703
2711
3413
2704
2712
3414
2705
2713
3415
2706
2714
3416
2707
2715
3417
2708
2716
3418
2717
3419
2710
2718
3420
2711
2719
3421
2712
2720
3422
2713
2721
3423
2714
2722
3424
2715
2723
3425
2716
2724
3426
2717
2725
3427
2726
3428
2719
2727
3429
2720
2728
3430
2721
2729
3431
2722
2730
3432
2723
2731
3433
2724
2732
3434
2725
2733
3435
2726
2734
3436
2735
3437
2728
2736
3438
2729
2737
3439
2730
2738
3440
2731
2739
3441
2732
2740
3442
2733
2741
3443
2734
2742
3444
2735
2743
3445
2744
3446
2737
2745
3447
2738
2746
3448
2739
2747
3449
2740
2748
3450
2741
2749
3451
2742
2750
3452
2743
2751
3453
2744
2752
3454
2753
3455
2746
2754
3456
2747
2755
3457
2748
2756
3458
2749
2757
3459
2750
2758
3460
2751
2759
3461
2752
2760
3462
2753
2761
3463
2762
3464
2755
2763
3465
2756
2764
3466
2757
2765
3467
2758
2766
3468
2759
2767
3469
2760
2768
3470
2761
2769
3471
2762
2770
3472
2771
3473
2764
2772
3474
2765
2773
3475
2766
2774
3476
2767
2775
3477
2768
2776
3478
2769
2777
3479
2770
2778
3480
2771
2779
3481
2780
3482
2773
2781
3483
2774
2782
3484
2775
2783
3485
2776
2784
3486
2777
2785
3487
2778
2786
3488
2779
2787
3489
2780
2788
3490
2789
3491
2782
2790
3492
2783
2791
3493
2784
2792
3494
2785
2793
3495
2786
2794
3496
2787
2795
3497
2788
2796
3498
2789
2797
3499
2798
3500
2791
2799
3501
2792
2800
3502
2793
2801
3503
2794
2802
3504
2795
2803
3505
2796
2804
3506
2797
2805
3507
2798
2806
3508
2807
3509
2800
2808
3510
2801
2809
3511
2802
2810
3512
2803
2811
3513
2804
2812
3514
2805
2813
3515
2806
2814
3516
2807
2815
3517
2816
3518
2809
2817
3519
2810
2818
3520
2811
2819
3521
2812
2820
3522
2813
2821
3523
2814
2822
3524
2815
2823
3525
2816
2824
3526
2825
3527
2818
2826
3528
2819
2827
3529
2820
2828
3530
2821
2829
3531
2822
2830
3532
2823
2831
3533
2824
2832
3534
2825
2833
3535
2834
3536
2827
2835
3537
2828
2836
3538
2829
2837
3539
2830
2838
3540
2831
2839
3541
2832
2840
3542
2833
2841
3543
2834
2842
3544
2843
3545
2836
3546
2837
3547
2838
3548
2839
3549
2840
3550
2841
3551
2842
3552
2843
3553
3554
2845
2853
3555
2846
2854
3556
2847
2855
3557
2848
2856
3558
2849
2857
3559
2850
2858
3560
2851
2859
3561
2852
2860
3562
2861
3563
2854
2862
3564
2855
2863
3565
2856
2864
3566
2857
2865
3567
2858
2866
3568
2859
2867
3569
2860
2868
3570
2861
2869
3571
2870
3572
2863
2871
3573
2864
2872
3574
2865
2873
3575
2866
2874
3576
2867
2875
3577
2868
2876
3578
2869
2877
3579
2870
2878
3580
2879
3581
2872
2880
3582
2873
2881
3583
2874
2882
3584
2875
2883
3585
2876
2884
3586
2877
2885
3587
2878
2886
3588
2879
2887
3589
2888
3590
2881
2889
3591
2882
2890
3592
2883
2891
3593
2884
2892
3594
2885
2893
3595
2886
2894
3596
2887
2895
3597
2888
2896
3598
2897
3599
2890
2898
3600
2891
2899
3601
2892
2900
3602
2893
2901
3603
2894
2902
3604
2895
2903
3605
2896
2904
3606
2897
2905
3607
2906
3608
2899
2907
3609
2900
2908
3610
2901
2909
3611
2902
2910
3612
2903
2911
3613
2904
2912
3614
2905
2913
3615
2906
2914
3616
2915
3617
2908
2916
3618
2909
2917
3619
2910
2918
3620
2911
2919
3621
2912
2920
3622
2913
2921
3623
2914
2922
3624
2915
2923
3625
2924
3626
2917
2925
3627
2918
2926
3628
2919
2927
3629
2920
2928
3630
2921
2929
3631
2922
2930
3632
2923
2931
3633
2924
2932
3634
2933
3635
2926
2934
3636
2927
2935
3637
2928
2936
3638
2929
2937
3639
2930
2938
3640
2931
2939
3641
2932
2940
3642
2933
2941
3643
2942
3644
2935
2943
3645
2936
2944
3646
2937
2945
3647
2938
2946
3648
2939
2947
3649
2940
2948
3650
2941
2949
3651
2942
2950
3652
2951
3653
2944
2952
3654
2945
2953
3655
2946
2954
3656
2947
2955
3657
2948
2956
3658
2949
2957
3659
2950
2958
3660
2951
2959
3661
2960
3662
2953
2961
3663
2954
2962
3664
2955
2963
3665
2956
2964
3666
2957
2965
3667
2958
2966
3668
2959
2967
3669
2960
2968
3670
2969
3671
2962
2970
3672
2963
2971
3673
2964
2972
3674
2965
2973
3675
2966
2974
3676
2967
2975
3677
2968
2976
3678
2969
2977
3679
2978
3680
2971
2979
3681
2972
2980
3682
2973
2981
3683
2974
2982
3684
2975
2983
3685
2976
2984
3686
2977
2985
3687
2978
2986
3688
2987
3689
2980
2988
3690
2981
2989
3691
2982
2990
3692
2983
2991
3693
2984
2992
3694
2985
2993
3695
2986
2994
3696
2987
2995
3697
2996
3698
2989
2997
3699
2990
2998
3700
2991
2999
3701
2992
3000
3702
2993
3001
3703
2994
3002
3704
2995
3003
3705
2996
3004
3706
3005
3707
2998
3006
3708
2999
3007
3709
3000
3008
3710
3001
3009
3711
3002
3010
3712
3003
3011
3713
3004
3012
3714
3005
3013
3715
3014
3716
3007
3015
3717
3008
3016
3718
3009
3017
3719
3010
3018
3720
3011
3019
3721
3012
3020
3722
3013
3021
3723
3014
3022
3724
3023
3725
3016
3024
3726
3017
3025
3727
3018
3026
3728
3019
3027
3729
3020
3028
3730
3021
3029
3731
3022
3030
3732
3023
3031
3733
3032
3734
3025
3033
3735
3026
3034
3736
3027
3035
3737
3028
3036
3738
3029
3037
3739
3030
3038
3740
3031
3039
3741
3032
3040
3742
3041
3743
3034
3042
3744
3035
3043
3745
3036
3044
3746
3037
3045
3747
3038
3046
3748
3039
3047
3749
3040
3048
3750
3041
3049
3751
3050
3752
3043
3051
3753
3044
3052
3754
3045
3053
3755
3046
3054
3756
3047
3055
3757
3048
3056
3758
3049
3057
3759
3050
3058
3760
3059
3761
3052
3060
3762
3053
3061
3763
3054
3062
3764
3055
3063
3765
3056
3064
3766
3057
3065
3767
3058
3066
3768
3059
3067
3769
3068
3770
3061
3069
3771
3062
3070
3772
3063
3071
3773
3064
3072
3774
3065
3073
3775
3066
3074
3776
3067
3075
3777
3068
3076
3778
3077
3779
3070
3078
3780
3071
3079
3781
3072
3080
3782
3073
3081
3783
3074
3082
3784
3075
3083
3785
3076
3084
3786
3077
3085
3787
3086
3788
3079
3087
3789
3080
3088
3790
3081
3089
3791
3082
3090
3792
3083
3091
3793
3084
3092
3794
3085
3093
3795
3086
3094
3796
3095
3797
3088
3096
3798
3089
3097
3799
3090
3098
3800
3091
3099
3801
3092
3100
3802
3093
3101
3803
3094
3102
3804
3095
3103
3805
3104
3806
3097
3105
3807
3098
3106
3808
3099
3107
3809
3100
3108
3810
3101
3109
3811
3102
3110
3812
3103
3111
3813
3104
3112
3814
3113
3815
3106
3114
3816
3107
3115
3817
3108
3116
3818
3109
3117
3819
3110
3118
3820
3111
3119
3821
3112
3120
3822
3113
3121
3823
3122
3824
3115
3123
3825
3116
3124
3826
3117
3125
3827
3118
3126
3828
3119
3127
3829
3120
3128
3830
3121
3129
3831
3122
3130
3832
3131
3833
3124
3132
3834
3125
3133
3835
3126
3134
3836
3127
3135
3837
3128
3136
3838
3129
3137
3839
3130
3138
3840
3131
3139
3841
3140
3842
3133
3141
3843
3134
3142
3844
3135
3143
3845
3136
3144
3846
3137
3145
3847
3138
3146
3848
3139
3147
3849
3140
3148
3850
3149
3851
3142
3150
3852
3143
3151
3853
3144
3152
3854
3145
3153
3855
3146
3154
3856
3147
3155
3857
3148
3156
3858
3149
3157
3859
3158
3860
3151
3159
3861
3152
3160
3862
3153
3161
3863
3154
3162
3864
3155
3163
3865
3156
3164
3866
3157
3165
3867
3158
3166
3868
3167
3869
3160
3168
3870
3161
3169
3871
3162
3170
3872
3163
3171
3873
3164
3172
3874
3165
3173
3875
3166
3174
3876
3167
3175
3877
3176
3878
3169
3177
3879
3170
3178
3880
3171
3179
3881
3172
3180
3882
3173
3181
3883
3174
3182
3884
3175
3183
3885
3176
3184
3886
3185
3887
3178
3186
3888
3179
3187
3889
3180
3188
3890
3181
3189
3891
3182
3190
3892
3183
3191
3893
3184
3192
3894
3185
3193
3895
3194
3896
3187
3195
3897
3188
3196
3898
3189
3197
3899
3190
3198
3900
3191
3199
3901
3192
3200
3902
3193
3201
3903
3194
3202
3904
3203
3905
3196
3204
3906
3197
3205
3907
3198
3206
3908
3199
3207
3909
3200
3208
3910
3201
3209
3911
3202
3210
3912
3203
3211
3913
3212
3914
3205
3213
3915
3206
3214
3916
3207
3215
3917
3208
3216
3918
3209
3217
3919
3210
3218
3920
3211
3219
3921
3212
3220
3922
3221
3923
3214
3222
3924
3215
3223
3925
3216
3224
3926
3217
3225
3927
3218
3226
3928
3219
3227
3929
3220
3228
3930
3221
3229
3931
3230
3932
3223
3231
3933
3224
3232
3934
3225
3233
3935
3226
3234
3936
3227
3235
3937
3228
3236
3938
3229
3237
3939
3230
3238
3940
3239
3941
3232
3240
3942
3233
3241
3943
3234
3242
3944
3235
3243
3945
3236
3244
3946
3237
3245
3947
3238
3246
3948
3239
3247
3949
3248
3950
3241
3249
3951
3242
3250
3952
3243
3251
3953
3244
3252
3954
3245
3253
3955
3246
3254
3956
3247
3255
3957
3248
3256
3958
3257
3959
3250
3258
3960
3251
3259
3961
3252
3260
3962
3253
3261
3963
3254
3262
3964
3255
3263
3965
3256
3264
3966
3257
3265
3967
3266
3968
3259
3267
3969
3260
3268
3970
3261
3269
3971
3262
3270
3972
3263
3271
3973
3264
3272
3974
3265
3273
3975
3266
3274
3976
3275
3977
3268
3276
3978
3269
3277
3979
3270
3278
3980
3271
3279
3981
3272
3280
3982
3273
3281
3983
3274
3282
3984
3275
3283
3985
3284
3986
3277
3285
3987
3278
3286
3988
3279
3287
3989
3280
3288
3990
3281
3289
3991
3282
3290
3992
3283
3291
3993
3284
3292
3994
3293
3995
3286
3294
3996
3287
3295
3997
3288
3296
3998
3289
3297
3999
3290
3298
4000
3291
3299
4001
3292
3300
4002
3293
3301
4003
3302
4004
3295
3303
4005
3296
3304
4006
3297
3305
4007
3298
3306
4008
3299
3307
4009
3300
3308
4010
3301
3309
4011
3302
3310
4012
3311
4013
3304
3312
4014
3305
3313
4015
3306
3314
4016
3307
3315
4017
3308
3316
4018
3309
3317
4019
3310
3318
4020
3311
3319
4021
3320
4022
3313
3321
4023
3314
3322
4024
3315
3323
4025
3316
3324
4026
3317
3325
4027
3318
3326
4028
3319
3327
4029
3320
3328
4030
3329
4031
3322
3330
4032
3323
3331
4033
3324
3332
4034
3325
3333
4035
3326
3334
4036
3327
3335
4037
3328
3336
4038
3329
3337
4039
3338
4040
3331
3339
4041
3332
3340
4042
3333
3341
4043
3334
3342
4044
3335
3343
4045
3336
3344
4046
3337
3345
4047
3338
3346
4048
3347
4049
3340
3348
4050
3341
3349
4051
3342
3350
4052
3343
3351
4053
3344
3352
4054
3345
3353
4055
3346
3354
4056
3347
3355
4057
3356
4058
3349
3357
4059
3350
3358
4060
3351
3359
4061
3352
3360
4062
3353
3361
4063
3354
3362
4064
3355
3363
4065
3356
3364
4066
3365
4067
3358
3366
4068
3359
3367
4069
3360
3368
4070
3361
3369
4071
3362
3370
4072
3363
3371
4073
3364
3372
4074
3365
3373
4075
3374
4076
3367
3375
4077
3368
3376
4078
3369
3377
4079
3370
3378
4080
3371
3379
4081
3372
3380
4082
3373
3381
4083
3374
3382
4084
3383
4085
3376
3384
4086
3377
3385
4087
3378
3386
4088
3379
3387
4089
3380
3388
4090
3381
3389
4091
3382
3390
4092
3383
3391
4093
3392
4094
3385
3393
4095
3386
3394
4096
3387
3395
4097
3388
3396
4098
3389
3397
4099
3390
3398
4100
3391
3399
4101
3392
3400
4102
3401
4103
3394
3402
4104
3395
3403
4105
3396
3404
4106
3397
3405
4107
3398
3406
4108
3399
3407
4109
3400
3408
4110
3401
3409
4111
3410
4112
3403
3411
4113
3404
3412
4114
3405
3413
4115
3406
3414
4116
3407
3415
4117
3408
3416
4118
3409
3417
4119
3410
3418
4120
3419
4121
3412
3420
4122
3413
3421
4123
3414
3422
4124
3415
3423
4125
3416
3424
4126
3417
3425
4127
3418
3426
4128
3419
3427
4129
3428
4130
3421
3429
4131
3422
3430
4132
3423
3431
4133
3424
3432
4134
3425
3433
4135
3426
3434
4136
3427
3435
4137
3428
3436
4138
3437
4139
3430
3438
4140
3431
3439
4141
3432
3440
4142
3433
3441
4143
3434
3442
4144
3435
3443
4145
3436
3444
4146
3437
3445
4147
3446
4148
3439
3447
4149
3440
3448
4150
3441
3449
4151
3442
3450
4152
3443
3451
4153
3444
3452
4154
3445
3453
4155
3446
3454
4156
3455
4157
3448
3456
4158
3449
3457
4159
3450
3458
4160
3451
3459
4161
3452
3460
4162
3453
3461
4163
3454
3462
4164
3455
3463
4165
3464
4166
3457
3465
4167
3458
3466
4168
3459
3467
4169
3460
3468
4170
3461
3469
4171
3462
3470
4172
3463
3471
4173
3464
3472
4174
3473
4175
3466
3474
4176
3467
3475
4177
3468
3476
4178
3469
3477
4179
3470
3478
4180
3471
3479
4181
3472
3480
4182
3473
3481
4183
3482
4184
3475
3483
4185
3476
3484
4186
3477
3485
4187
3478
3486
4188
3479
3487
4189
3480
3488
4190
3481
3489
4191
3482
3490
4192
3491
4193
3484
3492
4194
3485
3493
4195
3486
3494
4196
3487
3495
4197
3488
3496
4198
3489
3497
4199
3490
3498
4200
3491
3499
4201
3500
4202
3493
3501
4203
3494
3502
4204
3495
3503
4205
3496
3504
4206
3497
3505
4207
3498
3506
4208
3499
3507
4209
3500
3508
4210
3509
4211
3502
3510
4212
3503
3511
4213
3504
3512
4214
3505
3513
4215
3506
3514
4216
3507
3515
4217
3508
3516
4218
3509
3517
4219
3518
4220
3511
3519
4221
3512
3520
4222
3513
3521
4223
3514
3522
4224
3515
3523
4225
3516
3524
4226
3517
3525
4227
3518
3526
4228
3527
4229
3520
3528
4230
3521
3529
4231
3522
3530
4232
3523
3531
4233
3524
3532
4234
3525
3533
4235
3526
3534
4236
3527
3535
4237
3536
4238
3529
3537
4239
3530
3538
4240
3531
3539
4241
3532
3540
4242
3533
3541
4243
3534
3542
4244
3535
3543
4245
3536
3544
4246
3545
4247
3538
3546
4248
3539
3547
4249
3540
3548
4250
3541
3549
4251
3542
3550
4252
3543
3551
4253
3544
3552
4254
3545
3553
4255
3554
4256
3547
4257
3548
4258
3549
4259
3550
4260
3551
4261
3552
4262
3553
4263
3554
4264
4265
3556
3564
4266
3557
3565
4267
3558
3566
4268
3559
3567
4269
3560
3568
4270
3561
3569
4271
3562
3570
4272
3563
3571
4273
3572
4274
3565
3573
4275
3566
3574
4276
3567
3575
4277
3568
3576
4278
3569
3577
4279
3570
3578
4280
3571
3579
4281
3572
3580
4282
3581
4283
3574
3582
4284
3575
3583
4285
3576
3584
4286
3577
3585
4287
3578
3586
4288
3579
3587
4289
3580
3588
4290
3581
3589
4291
3590
4292
3583
3591
4293
3584
3592
4294
3585
3593
4295
3586
3594
4296
3587
3595
4297
3588
3596
4298
3589
3597
4299
3590
3598
4300
3599
4301
3592
3600
4302
3593
3601
4303
3594
3602
4304
3595
3603
4305
3596
3604
4306
3597
3605
4307
3598
3606
4308
3599
3607
4309
3608
4310
3601
3609
4311
3602
3610
4312
3603
3611
4313
3604
3612
4314
3605
3613
4315
3606
3614
4316
3607
3615
4317
3608
3616
4318
3617
4319
3610
3618
4320
3611
3619
4321
3612
3620
4322
3613
3621
4323
3614
3622
4324
3615
3623
4325
3616
3624
4326
3617
3625
4327
3626
4328
3619
3627
4329
3620
3628
4330
3621
3629
4331
3622
3630
4332
3623
3631
4333
3624
3632
4334
3625
3633
4335
3626
3634
4336
3635
4337
3628
3636
4338
3629
3637
4339
3630
3638
4340
3631
3639
4341
3632
3640
4342
3633
3641
4343
3634
3642
4344
3635
3643
4345
3644
4346
3637
3645
4347
3638
3646
4348
3639
3647
4349
3640
3648
4350
3641
3649
4351
3642
3650
4352
3643
3651
4353
3644
3652
4354
3653
4355
3646
3654
4356
3647
3655
4357
3648
3656
4358
3649
3657
4359
3650
3658
4360
3651
3659
4361
3652
3660
4362
3653
3661
4363
3662
4364
3655
3663
4365
3656
3664
4366
3657
3665
4367
3658
3666
4368
3659
3667
4369
3660
3668
4370
3661
3669
4371
3662
3670
4372
3671
4373
3664
3672
4374
3665
3673
4375
3666
3674
4376
3667
3675
4377
3668
3676
4378
3669
3677
4379
3670
3678
4380
3671
3679
4381
3680
4382
3673
3681
4383
3674
3682
4384
3675
3683
4385
3676
3684
4386
3677
3685
4387
3678
3686
4388
3679
3687
4389
3680
3688
4390
3689
4391
3682
3690
4392
3683
3691
4393
3684
3692
4394
3685
3693
4395
3686
3694
4396
3687
3695
4397
3688
3696
4398
3689
3697
4399
3698
4400
3691
3699
4401
3692
3700
4402
3693
3701
4403
3694
3702
4404
3695
3703
4405
3696
3704
4406
3697
3705
4407
3698
3706
4408
3707
4409
3700
3708
4410
3701
3709
4411
3702
3710
4412
3703
3711
4413
3704
3712
4414
3705
3713
4415
3706
3714
4416
3707
3715
4417
3716
4418
3709
3717
4419
3710
3718
4420
3711
3719
4421
3712
3720
4422
3713
3721
4423
3714
3722
4424
3715
3723
4425
3716
3724
4426
3725
4427
3718
3726
4428
3719
3727
4429
3720
3728
4430
3721
3729
4431
3722
3730
4432
3723
3731
4433
3724
3732
4434
3725
3733
4435
3734
4436
3727
3735
4437
3728
3736
4438
3729
3737
4439
3730
3738
4440
3731
3739
4441
3732
3740
4442
3733
3741
4443
3734
3742
4444
3743
4445
3736
3744
4446
3737
3745
4447
3738
3746
4448
3739
3747
4449
3740
3748
4450
3741
3749
4451
3742
3750
4452
3743
3751
4453
3752
4454
3745
3753
4455
3746
3754
4456
3747
3755
4457
3748
3756
4458
3749
3757
4459
3750
3758
4460
3751
3759
4461
3752
3760
4462
3761
4463
3754
3762
4464
3755
3763
4465
3756
3764
4466
3757
3765
4467
3758
3766
4468
3759
3767
4469
3760
3768
4470
3761
3769
4471
3770
4472
3763
3771
4473
3764
3772
4474
3765
3773
4475
3766
3774
4476
3767
3775
4477
3768
3776
4478
3769
3777
4479
3770
3778
4480
3779
4481
3772
3780
4482
3773
3781
4483
3774
3782
4484
3775
3783
4485
3776
3784
4486
3777
3785
4487
3778
3786
4488
3779
3787
4489
3788
4490
3781
3789
4491
3782
3790
4492
3783
3791
4493
3784
3792
4494
3785
3793
4495
3786
3794
4496
3787
3795
4497
3788
3796
4498
3797
4499
3790
3798
4500
3791
3799
4501
3792
3800
4502
3793
3801
4503
3794
3802
4504
3795
3803
4505
3796
3804
4506
3797
3805
4507
3806
4508
3799
3807
4509
3800
3808
4510
3801
3809
4511
3802
3810
4512
3803
3811
4513
3804
3812
4514
3805
3813
4515
3806
3814
4516
3815
4517
3808
3816
4518
3809
3817
4519
3810
3818
4520
3811
3819
4521
3812
3820
4522
3813
3821
4523
3814
3822
4524
3815
3823
4525
3824
4526
3817
3825
4527
3818
3826
4528
3819
3827
4529
3820
3828
4530
3821
3829
4531
3822
3830
4532
3823
3831
4533
3824
3832
4534
3833
4535
3826
3834
4536
3827
3835
4537
3828
3836
4538
3829
3837
4539
3830
3838
4540
3831
3839
4541
3832
3840
4542
3833
3841
4543
3842
4544
3835
3843
4545
3836
3844
4546
3837
3845
4547
3838
3846
4548
3839
3847
4549
3840
3848
4550
3841
3849
4551
3842
3850
4552
3851
4553
3844
3852
4554
3845
3853
4555
3846
3854
4556
3847
3855
4557
3848
3856
4558
3849
3857
4559
3850
3858
4560
3851
3859
4561
3860
4562
3853
3861
4563
3854
3862
4564
3855
3863
4565
3856
3864
4566
3857
3865
4567
3858
3866
4568
3859
3867
4569
3860
3868
4570
3869
4571
3862
3870
4572
3863
3871
4573
3864
3872
4574
3865
3873
4575
3866
3874
4576
3867
3875
4577
3868
3876
4578
3869
3877
4579
3878
4580
3871
3879
4581
3872
3880
4582
3873
3881
4583
3874
3882
4584
3875
3883
4585
3876
3884
4586
3877
3885
4587
3878
3886
4588
3887
4589
3880
3888
4590
3881
3889
4591
3882
3890
4592
3883
3891
4593
3884
3892
4594
3885
3893
4595
3886
3894
4596
3887
3895
4597
3896
4598
3889
3897
4599
3890
3898
4600
3891
3899
4601
3892
3900
4602
3893
3901
4603
3894
3902
4604
3895
3903
4605
3896
3904
4606
3905
4607
3898
3906
4608
3899
3907
4609
3900
3908
4610
3901
3909
4611
3902
3910
4612
3903
3911
4613
3904
3912
4614
3905
3913
4615
3914
4616
3907
3915
4617
3908
3916
4618
3909
3917
4619
3910
3918
4620
3911
3919
4621
3912
3920
4622
3913
3921
4623
3914
3922
4624
3923
4625
3916
3924
4626
3917
3925
4627
3918
3926
4628
3919
3927
4629
3920
3928
4630
3921
3929
4631
3922
3930
4632
3923
3931
4633
3932
4634
3925
3933
4635
3926
3934
4636
3927
3935
4637
3928
3936
4638
3929
3937
4639
3930
3938
4640
3931
3939
4641
3932
3940
4642
3941
4643
3934
3942
4644
3935
3943
4645
3936
3944
4646
3937
3945
4647
3938
3946
4648
3939
3947
4649
3940
3948
4650
3941
3949
4651
3950
4652
3943
3951
4653
3944
3952
4654
3945
3953
4655
3946
3954
4656
3947
3955
4657
3948
3956
4658
3949
3957
4659
3950
3958
4660
3959
4661
3952
3960
4662
3953
3961
4663
3954
3962
4664
3955
3963
4665
3956
3964
4666
3957
3965
4667
3958
3966
4668
3959
3967
4669
3968
4670
3961
3969
4671
3962
3970
4672
3963
3971
4673
3964
3972
4674
3965
3973
4675
3966
3974
4676
3967
3975
4677
3968
3976
4678
3977
4679
3970
3978
4680
3971
3979
4681
3972
3980
4682
3973
3981
4683
3974
3982
4684
3975
3983
4685
3976
3984
4686
3977
3985
4687
3986
4688
3979
3987
4689
3980
3988
4690
3981
3989
4691
3982
3990
4692
3983
3991
4693
3984
3992
4694
3985
3993
4695
3986
3994
4696
3995
4697
3988
3996
4698
3989
3997
4699
3990
3998
4700
3991
3999
4701
3992
4000
4702
3993
4001
4703
3994
4002
4704
3995
4003
4705
4004
4706
3997
4005
4707
3998
4006
4708
3999
4007
4709
4000
4008
4710
4001
4009
4711
4002
4010
4712
4003
4011
4713
4004
4012
4714
4013
4715
4006
4014
4716
4007
4015
4717
4008
4016
4718
4009
4017
4719
4010
4018
4720
4011
4019
4721
4012
4020
4722
4013
4021
4723
4022
4724
4015
4023
4725
4016
4024
4726
4017
4025
4727
4018
4026
4728
4019
4027
4729
4020
4028
4730
4021
4029
4731
4022
4030
4732
4031
4733
4024
4032
4734
4025
4033
4735
4026
4034
4736
4027
4035
4737
4028
4036
4738
4029
4037
4739
4030
4038
4740
4031
4039
4741
4040
4742
4033
4041
4743
4034
4042
4744
4035
4043
4745
4036
4044
4746
4037
4045
4747
4038
4046
4748
4039
4047
4749
4040
4048
4750
4049
4751
4042
4050
4752
4043
4051
4753
4044
4052
4754
4045
4053
4755
4046
4054
4756
4047
4055
4757
4048
4056
4758
4049
4057
4759
4058
4760
4051
4059
4761
4052
4060
4762
4053
4061
4763
4054
4062
4764
4055
4063
4765
4056
4064
4766
4057
4065
4767
4058
4066
4768
4067
4769
4060
4068
4770
4061
4069
4771
4062
4070
4772
4063
4071
4773
4064
4072
4774
4065
4073
4775
4066
4074
4776
4067
4075
4777
4076
4778
4069
4077
4779
4070
4078
4780
4071
4079
4781
4072
4080
4782
4073
4081
4783
4074
4082
4784
4075
4083
4785
4076
4084
4786
4085
4787
4078
4086
4788
4079
4087
4789
4080
4088
4790
4081
4089
4791
4082
4090
4792
4083
4091
4793
4084
4092
4794
4085
4093
4795
4094
4796
4087
4095
4797
4088
4096
4798
4089
4097
4799
4090
4098
4800
4091
4099
4801
4092
4100
4802
4093
4101
4803
4094
4102
4804
4103
4805
4096
4104
4806
4097
4105
4807
4098
4106
4808
4099
4107
4809
4100
4108
4810
4101
4109
4811
4102
4110
4812
4103
4111
4813
4112
4814
4105
4113
4815
4106
4114
4816
4107
4115
4817
4108
4116
4818
4109
4117
4819
4110
4118
4820
4111
4119
4821
4112
4120
4822
4121
4823
4114
4122
4824
4115
4123
4825
4116
4124
4826
4117
4125
4827
4118
4126
4828
4119
4127
4829
4120
4128
4830
4121
4129
4831
4130
4832
4123
4131
4833
4124
4132
4834
4125
4133
4835
4126
4134
4836
4127
4135
4837
4128
4136
4838
4129
4137
4839
4130
4138
4840
4139
4841
4132
4140
4842
4133
4141
4843
4134
4142
4844
4135
4143
4845
4136
4144
4846
4137
4145
4847
4138
4146
4848
4139
4147
4849
4148
4850
4141
4149
4851
4142
4150
4852
4143
4151
4853
4144
4152
4854
4145
4153
4855
4146
4154
4856
4147
4155
4857
4148
4156
4858
4157
4859
4150
4158
4860
4151
4159
4861
4152
4160
4862
4153
4161
4863
4154
4162
4864
4155
4163
4865
4156
4164
4866
4157
4165
4867
4166
4868
4159
4167
4869
4160
4168
4870
4161
4169
4871
4162
4170
4872
4163
4171
4873
4164
4172
4874
4165
4173
4875
4166
4174
4876
4175
4877
4168
4176
4878
4169
4177
4879
4170
4178
4880
4171
4179
4881
4172
4180
4882
4173
4181
4883
4174
4182
4884
4175
4183
4885
4184
4886
4177
4185
4887
4178
4186
4888
4179
4187
4889
4180
4188
4890
4181
4189
4891
4182
4190
4892
4183
4191
4893
4184
4192
4894
4193
4895
4186
4194
4896
4187
4195
4897
4188
4196
4898
4189
4197
4899
4190
4198
4900
4191
4199
4901
4192
4200
4902
4193
4201
4903
4202
4904
4195
4203
4905
4196
4204
4906
4197
4205
4907
4198
4206
4908
4199
4207
4909
4200
4208
4910
4201
4209
4911
4202
4210
4912
4211
4913
4204
4212
4914
4205
4213
4915
4206
4214
4916
4207
4215
4917
4208
4216
4918
4209
4217
4919
4210
4218
4920
4211
4219
4921
4220
4922
4213
4221
4923
4214
4222
4924
4215
4223
4925
4216
4224
4926
4217
4225
4927
4218
4226
4928
4219
4227
4929
4220
4228
4930
4229
4931
4222
4230
4932
4223
4231
4933
4224
4232
4934
4225
4233
4935
4226
4234
4936
4227
4235
4937
4228
4236
4938
4229
4237
4939
4238
4940
4231
4239
4941
4232
4240
4942
4233
4241
4943
4234
4242
4944
4235
4243
4945
4236
4244
4946
4237
4245
4947
4238
4246
4948
4247
4949
4240
4248
4950
4241
4249
4951
4242
4250
4952
4243
4251
4953
4244
4252
4954
4245
4253
4955
4246
4254
4956
4247
4255
4957
4256
4958
4249
4257
4959
4250
4258
4960
4251
4259
4961
4252
4260
4962
4253
4261
4963
4254
4262
4964
4255
4263
4965
4256
4264
4966
4265
4967
4258
4968
4259
4969
4260
4970
4261
4971
4262
4972
4263
4973
4264
4974
4265
4975
4976
4267
4275
4977
4268
4276
4978
4269
4277
4979
4270
4278
4980
4271
4279
4981
4272
4280
4982
4273
4281
4983
4274
4282
4984
4283
4985
4276
4284
4986
4277
4285
4987
4278
4286
4988
4279
4287
4989
4280
4288
4990
4281
4289
4991
4282
4290
4992
4283
4291
4993
4292
4994
4285
4293
4995
4286
4294
4996
4287
4295
4997
4288
4296
4998
4289
4297
4999
4290
4298
5000
4291
4299
5001
4292
4300
5002
4301
5003
4294
4302
5004
4295
4303
5005
4296
4304
5006
4297
4305
5007
4298
4306
5008
4299
4307
5009
4300
4308
5010
4301
4309
5011
4310
5012
4303
4311
5013
4304
4312
5014
4305
4313
5015
4306
4314
5016
4307
4315
5017
4308
4316
5018
4309
4317
5019
4310
4318
5020
4319
5021
4312
4320
5022
4313
4321
5023
4314
4322
5024
4315
4323
5025
4316
4324
5026
4317
4325
5027
4318
4326
5028
4319
4327
5029
4328
5030
4321
4329
5031
4322
4330
5032
4323
4331
5033
4324
4332
5034
4325
4333
5035
4326
4334
5036
4327
4335
5037
4328
4336
5038
4337
5039
4330
4338
5040
4331
4339
5041
4332
4340
5042
4333
4341
5043
4334
4342
5044
4335
4343
5045
4336
4344
5046
4337
4345
5047
4346
5048
4339
4347
5049
4340
4348
5050
4341
4349
5051
4342
4350
5052
4343
4351
5053
4344
4352
5054
4345
4353
5055
4346
4354
5056
4355
5057
4348
4356
5058
4349
4357
5059
4350
4358
5060
4351
4359
5061
4352
4360
5062
4353
4361
5063
4354
4362
5064
4355
4363
5065
4364
5066
4357
4365
5067
4358
4366
5068
4359
4367
5069
4360
4368
5070
4361
4369
5071
4362
4370
5072
4363
4371
5073
4364
4372
5074
4373
5075
4366
4374
5076
4367
4375
5077
4368
4376
5078
4369
4377
5079
4370
4378
5080
4371
4379
5081
4372
4380
5082
4373
4381
5083
4382
5084
4375
4383
5085
4376
4384
5086
4377
4385
5087
4378
4386
5088
4379
4387
5089
4380
4388
5090
4381
4389
5091
4382
4390
5092
4391
5093
4384
4392
5094
4385
4393
5095
4386
4394
5096
4387
4395
5097
4388
4396
5098
4389
4397
5099
4390
4398
5100
4391
4399
5101
4400
5102
4393
4401
5103
4394
4402
5104
4395
4403
5105
4396
4404
5106
4397
4405
5107
4398
4406
5108
4399
4407
5109
4400
4408
5110
4409
5111
4402
4410
5112
4403
4411
5113
4404
4412
5114
4405
4413
5115
4406
4414
5116
4407
4415
5117
4408
4416
5118
4409
4417
5119
4418
5120
4411
4419
5121
4412
4420
5122
4413
4421
5123
4414
4422
5124
4415
4423
5125
4416
4424
5126
4417
4425
5127
4418
4426
5128
4427
5129
4420
4428
5130
4421
4429
5131
4422
4430
5132
4423
4431
5133
4424
4432
5134
4425
4433
5135
4426
4434
5136
4427
4435
5137
4436
5138
4429
4437
5139
4430
4438
5140
4431
4439
5141
4432
4440
5142
4433
4441
5143
4434
4442
5144
4435
4443
5145
4436
4444
5146
4445
5147
4438
4446
5148
4439
4447
5149
4440
4448
5150
4441
4449
5151
4442
4450
5152
4443
4451
5153
4444
4452
5154
4445
4453
5155
4454
5156
4447
4455
5157
4448
4456
5158
4449
4457
5159
4450
4458
5160
4451
4459
5161
4452
4460
5162
4453
4461
5163
4454
4462
5164
4463
5165
4456
4464
5166
4457
4465
5167
4458
4466
5168
4459
4467
5169
4460
4468
5170
4461
4469
5171
4462
4470
5172
4463
4471
5173
4472
5174
4465
4473
5175
4466
4474
5176
4467
4475
5177
4468
4476
5178
4469
4477
5179
4470
4478
5180
4471
4479
5181
4472
4480
5182
4481
5183
4474
4482
5184
4475
4483
5185
4476
4484
5186
4477
4485
5187
4478
4486
5188
4479
4487
5189
4480
4488
5190
4481
4489
5191
4490
5192
4483
4491
5193
4484
4492
5194
4485
4493
5195
4486
4494
5196
4487
4495
5197
4488
4496
5198
4489
4497
5199
4490
4498
5200
4499
5201
4492
4500
5202
4493
4501
5203
4494
4502
5204
4495
4503
5205
4496
4504
5206
4497
4505
5207
4498
4506
5208
4499
4507
5209
4508
5210
4501
4509
5211
4502
4510
5212
4503
4511
5213
4504
4512
5214
4505
4513
5215
4506
4514
5216
4507
4515
5217
4508
4516
5218
4517
5219
4510
4518
5220
4511
4519
5221
4512
4520
5222
4513
4521
5223
4514
4522
5224
4515
4523
5225
4516
4524
5226
4517
4525
5227
4526
5228
4519
4527
5229
4520
4528
5230
4521
4529
5231
4522
4530
5232
4523
4531
5233
4524
4532
5234
4525
4533
5235
4526
4534
5236
4535
5237
4528
4536
5238
4529
4537
5239
4530
4538
5240
4531
4539
5241
4532
4540
5242
4533
4541
5243
4534
4542
5244
4535
4543
5245
4544
5246
4537
4545
5247
4538
4546
5248
4539
4547
5249
4540
4548
5250
4541
4549
5251
4542
4550
5252
4543
4551
5253
4544
4552
5254
4553
5255
4546
4554
5256
4547
4555
5257
4548
4556
5258
4549
4557
5259
4550
4558
5260
4551
4559
5261
4552
4560
5262
4553
4561
5263
4562
5264
4555
4563
5265
4556
4564
5266
4557
4565
5267
4558
4566
5268
4559
4567
5269
4560
4568
5270
4561
4569
5271
4562
4570
5272
4571
5273
4564
4572
5274
4565
4573
5275
4566
4574
5276
4567
4575
5277
4568
4576
5278
4569
4577
5279
4570
4578
5280
4571
4579
5281
4580
5282
4573
4581
5283
4574
4582
5284
4575
4583
5285
4576
4584
5286
4577
4585
5287
4578
4586
5288
4579
4587
5289
4580
4588
5290
4589
5291
4582
4590
5292
4583
4591
5293
4584
4592
5294
4585
4593
5295
4586
4594
5296
4587
4595
5297
4588
4596
5298
4589
4597
5299
4598
5300
4591
4599
5301
4592
4600
5302
4593
4601
5303
4594
4602
5304
4595
4603
5305
4596
4604
5306
4597
4605
5307
4598
4606
5308
4607
5309
4600
4608
5310
4601
4609
5311
4602
4610
5312
4603
4611
5313
4604
4612
5314
4605
4613
5315
4606
4614
5316
4607
4615
5317
4616
5318
4609
4617
5319
4610
4618
5320
4611
4619
5321
4612
4620
5322
4613
4621
5323
4614
4622
5324
4615
4623
5325
4616
4624
5326
4625
5327
4618
4626
5328
4619
4627
5329
4620
4628
5330
4621
4629
5331
4622
4630
5332
4623
4631
5333
4624
4632
5334
4625
4633
5335
4634
5336
4627
4635
5337
4628
4636
5338
4629
4637
5339
4630
4638
5340
4631
4639
5341
4632
4640
5342
4633
4641
5343
4634
4642
5344
4643
5345
4636
4644
5346
4637
4645
5347
4638
4646
5348
4639
4647
5349
4640
4648
5350
4641
4649
5351
4642
4650
5352
4643
4651
5353
4652
5354
4645
4653
5355
4646
4654
5356
4647
4655
5357
4648
4656
5358
4649
4657
5359
4650
4658
5360
4651
4659
5361
4652
4660
5362
4661
5363
4654
4662
5364
4655
4663
5365
4656
4664
5366
4657
4665
5367
4658
4666
5368
4659
4667
5369
4660
4668
5370
4661
4669
5371
4670
5372
4663
4671
5373
4664
4672
5374
4665
4673
5375
4666
4674
5376
4667
4675
5377
4668
4676
5378
4669
4677
5379
4670
4678
5380
4679
5381
4672
4680
5382
4673
4681
5383
4674
4682
5384
4675
4683
5385
4676
4684
5386
4677
4685
5387
4678
4686
5388
4679
4687
5389
4688
5390
4681
4689
5391
4682
4690
5392
4683
4691
5393
4684
4692
5394
4685
4693
5395
4686
4694
5396
4687
4695
5397
4688
4696
5398
4697
5399
4690
4698
5400
4691
4699
5401
4692
4700
5402
4693
4701
5403
4694
4702
5404
4695
4703
5405
4696
4704
5406
4697
4705
5407
4706
5408
4699
4707
5409
4700
4708
5410
4701
4709
5411
4702
4710
5412
4703
4711
5413
4704
4712
5414
4705
4713
5415
4706
4714
5416
4715
5417
4708
4716
5418
4709
4717
5419
4710
4718
5420
4711
4719
5421
4712
4720
5422
4713
4721
5423
4714
4722
5424
4715
4723
5425
4724
5426
4717
4725
5427
4718
4726
5428
4719
4727
5429
4720
4728
5430
4721
4729
5431
4722
4730
5432
4723
4731
5433
4724
4732
5434
4733
5435
4726
4734
5436
4727
4735
5437
4728
4736
5438
4729
4737
5439
4730
4738
5440
4731
4739
5441
4732
4740
5442
4733
4741
5443
4742
5444
4735
4743
5445
4736
4744
5446
4737
4745
5447
4738
4746
5448
4739
4747
5449
4740
4748
5450
4741
4749
5451
4742
4750
5452
4751
5453
4744
4752
5454
4745
4753
5455
4746
4754
5456
4747
4755
5457
4748
4756
5458
4749
4757
5459
4750
4758
5460
4751
4759
5461
4760
5462
4753
4761
5463
4754
4762
5464
4755
4763
5465
4756
4764
5466
4757
4765
5467
4758
4766
5468
4759
4767
5469
4760
4768
5470
4769
5471
4762
4770
5472
4763
4771
5473
4764
4772
5474
4765
4773
5475
4766
4774
5476
4767
4775
5477
4768
4776
5478
4769
4777
5479
4778
5480
4771
4779
5481
4772
4780
5482
4773
4781
5483
4774
4782
5484
4775
4783
5485
4776
4784
5486
4777
4785
5487
4778
4786
5488
4787
5489
4780
4788
5490
4781
4789
5491
4782
4790
5492
4783
4791
5493
4784
4792
5494
4785
4793
5495
4786
4794
5496
4787
4795
5497
4796
5498
4789
4797
5499
4790
4798
5500
4791
4799
5501
4792
4800
5502
4793
4801
5503
4794
4802
5504
4795
4803
5505
4796
4804
5506
4805
5507
4798
4806
5508
4799
4807
5509
4800
4808
5510
4801
4809
5511
4802
4810
5512
4803
4811
5513
4804
4812
5514
4805
4813
5515
4814
5516
4807
4815
5517
4808
4816
5518
4809
4817
5519
4810
4818
5520
4811
4819
5521
4812
4820
5522
4813
4821
5523
4814
4822
5524
4823
5525
4816
4824
5526
4817
4825
5527
4818
4826
5528
4819
4827
5529
4820
4828
5530
4821
4829
5531
4822
4830
5532
4823
4831
5533
4832
5534
4825
4833
5535
4826
4834
5536
4827
4835
5537
4828
4836
5538
4829
4837
5539
4830
4838
5540
4831
4839
5541
4832
4840
5542
4841
5543
4834
4842
5544
4835
4843
5545
4836
4844
5546
4837
4845
5547
4838
4846
5548
4839
4847
5549
4840
4848
5550
4841
4849
5551
4850
5552
4843
4851
5553
4844
4852
5554
4845
4853
5555
4846
4854
5556
4847
4855
5557
4848
4856
5558
4849
4857
5559
4850
4858
5560
4859
5561
4852
4860
5562
4853
4861
5563
4854
4862
5564
4855
4863
5565
4856
4864
5566
4857
4865
5567
4858
4866
5568
4859
4867
5569
4868
5570
4861
4869
5571
4862
4870
5572
4863
4871
5573
4864
4872
5574
4865
4873
5575
4866
4874
5576
4867
4875
5577
4868
4876
5578
4877
5579
4870
4878
5580
4871
4879
5581
4872
4880
5582
4873
4881
5583
4874
4882
5584
4875
4883
5585
4876
4884
5586
4877
4885
5587
4886
5588
4879
4887
5589
4880
4888
5590
4881
4889
5591
4882
4890
5592
4883
4891
5593
4884
4892
5594
4885
4893
5595
4886
4894
5596
4895
5597
4888
4896
5598
4889
4897
5599
4890
4898
5600
4891
4899
5601
4892
4900
5602
4893
4901
5603
4894
4902
5604
4895
4903
5605
4904
5606
4897
4905
5607
4898
4906
5608
4899
4907
5609
4900
4908
5610
4901
4909
5611
4902
4910
5612
4903
4911
5613
4904
4912
5614
4913
5615
4906
4914
5616
4907
4915
5617
4908
4916
5618
4909
4917
5619
4910
4918
5620
4911
4919
5621
4912
4920
5622
4913
4921
5623
4922
5624
4915
4923
5625
4916
4924
5626
4917
4925
5627
4918
4926
5628
4919
4927
5629
4920
4928
5630
4921
4929
5631
4922
4930
5632
4931
5633
4924
4932
5634
4925
4933
5635
4926
4934
5636
4927
4935
5637
4928
4936
5638
4929
4937
5639
4930
4938
5640
4931
4939
5641
4940
5642
4933
4941
5643
4934
4942
5644
4935
4943
5645
4936
4944
5646
4937
4945
5647
4938
4946
5648
4939
4947
5649
4940
4948
5650
4949
5651
4942
4950
5652
4943
4951
5653
4944
4952
5654
4945
4953
5655
4946
4954
5656
4947
4955
5657
4948
4956
5658
4949
4957
5659
4958
5660
4951
4959
5661
4952
4960
5662
4953
4961
5663
4954
4962
5664
4955
4963
5665
4956
4964
5666
4957
4965
5667
4958
4966
5668
4967
5669
4960
4968
5670
4961
4969
5671
4962
4970
5672
4963
4971
5673
4964
4972
5674
4965
4973
5675
4966
4974
5676
4967
4975
5677
4976
5678
4969
5679
4970
5680
4971
5681
4972
5682
4973
5683
4974
5684
4975
5685
4976
5686
5687
4978
4986
5688
4979
4987
5689
4980
4988
5690
4981
4989
5691
4982
4990
5692
4983
4991
5693
4984
4992
5694
4985
4993
5695
4994
5696
4987
4995
5697
4988
4996
5698
4989
4997
5699
4990
4998
5700
4991
4999
5701
4992
5000
5702
4993
5001
5703
4994
5002
5704
5003
5705
4996
5004
5706
4997
5005
5707
4998
5006
5708
4999
5007
5709
5000
5008
5710
5001
5009
5711
5002
5010
5712
5003
5011
5713
5012
5714
5005
5013
5715
5006
5014
5716
5007
5015
5717
5008
5016
5718
5009
5017
5719
5010
5018
5720
5011
5019
5721
5012
5020
5722
5021
5723
5014
5022
5724
5015
5023
5725
5016
5024
5726
5017
5025
5727
5018
5026
5728
5019
5027
5729
5020
5028
5730
5021
5029
5731
5030
5732
5023
5031
5733
5024
5032
5734
5025
5033
5735
5026
5034
5736
5027
5035
5737
5028
5036
5738
5029
5037
5739
5030
5038
5740
5039
5741
5032
5040
5742
5033
5041
5743
5034
5042
5744
5035
5043
5745
5036
5044
5746
5037
5045
5747
5038
5046
5748
5039
5047
5749
5048
5750
5041
5049
5751
5042
5050
5752
5043
5051
5753
5044
5052
5754
5045
5053
5755
5046
5054
5756
5047
5055
5757
5048
5056
5758
5057
5759
5050
5058
5760
5051
5059
5761
5052
5060
5762
5053
5061
5763
5054
5062
5764
5055
5063
5765
5056
5064
5766
5057
5065
5767
5066
5768
5059
5067
5769
5060
5068
5770
5061
5069
5771
5062
5070
5772
5063
5071
5773
5064
5072
5774
5065
5073
5775
5066
5074
5776
5075
5777
5068
5076
5778
5069
5077
5779
5070
5078
5780
5071
5079
5781
5072
5080
5782
5073
5081
5783
5074
5082
5784
5075
5083
5785
5084
5786
5077
5085
5787
5078
5086
5788
5079
5087
5789
5080
5088
5790
5081
5089
5791
5082
5090
5792
5083
5091
5793
5084
5092
5794
5093
5795
5086
5094
5796
5087
5095
5797
5088
5096
5798
5089
5097
5799
5090
5098
5800
5091
5099
5801
5092
5100
5802
5093
5101
5803
5102
5804
5095
5103
5805
5096
5104
5806
5097
5105
5807
5098
5106
5808
5099
5107
5809
5100
5108
5810
5101
5109
5811
5102
5110
5812
5111
5813
5104
5112
5814
5105
5113
5815
5106
5114
5816
5107
5115
5817
5108
5116
5818
5109
5117
5819
5110
5118
5820
5111
5119
5821
5120
5822
5113
5121
5823
5114
5122
5824
5115
5123
5825
5116
5124
5826
5117
5125
5827
5118
5126
5828
5119
5127
5829
5120
5128
5830
5129
5831
5122
5130
5832
5123
5131
5833
5124
5132
5834
5125
5133
5835
5126
5134
5836
5127
5135
5837
5128
5136
5838
5129
5137
5839
5138
5840
5131
5139
5841
5132
5140
5842
5133
5141
5843
5134
5142
5844
5135
5143
5845
5136
5144
5846
5137
5145
5847
5138
5146
5848
5147
5849
5140
5148
5850
5141
5149
5851
5142
5150
5852
5143
5151
5853
5144
5152
5854
5145
5153
5855
5146
5154
5856
5147
5155
5857
5156
5858
5149
5157
5859
5150
5158
5860
5151
5159
5861
5152
5160
5862
5153
5161
5863
5154
5162
5864
5155
5163
5865
5156
5164
5866
5165
5867
5158
5166
5868
5159
5167
5869
5160
5168
5870
5161
5169
5871
5162
5170
5872
5163
5171
5873
5164
5172
5874
5165
5173
5875
5174
5876
5167
5175
5877
5168
5176
5878
5169
5177
5879
5170
5178
5880
5171
5179
5881
5172
5180
5882
5173
5181
5883
5174
5182
5884
5183
5885
5176
5184
5886
5177
5185
5887
5178
5186
5888
5179
5187
5889
5180
5188
5890
5181
5189
5891
5182
5190
5892
5183
5191
5893
5192
5894
5185
5193
5895
5186
5194
5896
5187
5195
5897
5188
5196
5898
5189
5197
5899
5190
5198
5900
5191
5199
5901
5192
5200
5902
5201
5903
5194
5202
5904
5195
5203
5905
5196
5204
5906
5197
5205
5907
5198
5206
5908
5199
5207
5909
5200
5208
5910
5201
5209
5911
5210
5912
5203
5211
5913
5204
5212
5914
5205
5213
5915
5206
5214
5916
5207
5215
5917
5208
5216
5918
5209
5217
5919
5210
5218
5920
5219
5921
5212
5220
5922
5213
5221
5923
5214
5222
5924
5215
5223
5925
5216
5224
5926
5217
5225
5927
5218
5226
5928
5219
5227
5929
5228
5930
5221
5229
5931
5222
5230
5932
5223
5231
5933
5224
5232
5934
5225
5233
5935
5226
5234
5936
5227
5235
5937
5228
5236
5938
5237
5939
5230
5238
5940
5231
5239
5941
5232
5240
5942
5233
5241
5943
5234
5242
5944
5235
5243
5945
5236
5244
5946
5237
5245
5947
5246
5948
5239
5247
5949
5240
5248
5950
5241
5249
5951
5242
5250
5952
5243
5251
5953
5244
5252
5954
5245
5253
5955
5246
5254
5956
5255
5957
5248
5256
5958
5249
5257
5959
5250
5258
5960
5251
5259
5961
5252
5260
5962
5253
5261
5963
5254
5262
5964
5255
5263
5965
5264
5966
5257
5265
5967
5258
5266
5968
5259
5267
5969
5260
5268
5970
5261
5269
5971
5262
5270
5972
5263
5271
5973
5264
5272
5974
5273
5975
5266
5274
5976
5267
5275
5977
5268
5276
5978
5269
5277
5979
5270
5278
5980
5271
5279
5981
5272
5280
5982
5273
5281
5983
5282
5984
5275
5283
5985
5276
5284
5986
5277
5285
5987
5278
5286
5988
5279
5287
5989
5280
5288
5990
5281
5289
5991
5282
5290
5992
5291
5993
5284
5292
5994
5285
5293
5995
5286
5294
5996
5287
5295
5997
5288
5296
5998
5289
5297
5999
5290
5298
6000
5291
5299
6001
5300
6002
5293
5301
6003
5294
5302
6004
5295
5303
6005
5296
5304
6006
5297
5305
6007
5298
5306
6008
5299
5307
6009
5300
5308
6010
5309
6011
5302
5310
6012
5303
5311
6013
5304
5312
6014
5305
5313
6015
5306
5314
6016
5307
5315
6017
5308
5316
6018
5309
5317
6019
5318
6020
5311
5319
6021
5312
5320
6022
5313
5321
6023
5314
5322
6024
5315
5323
6025
5316
5324
6026
5317
5325
6027
5318
5326
6028
5327
6029
5320
5328
6030
5321
5329
6031
5322
5330
6032
5323
5331
6033
5324
5332
6034
5325
5333
6035
5326
5334
6036
5327
5335
6037
5336
6038
5329
5337
6039
5330
5338
6040
5331
5339
6041
5332
5340
6042
5333
5341
6043
5334
5342
6044
5335
5343
6045
5336
5344
6046
5345
6047
5338
5346
6048
5339
5347
6049
5340
5348
6050
5341
5349
6051
5342
5350
6052
5343
5351
6053
5344
5352
6054
5345
5353
6055
5354
6056
5347
5355
6057
5348
5356
6058
5349
5357
6059
5350
5358
6060
5351
5359
6061
5352
5360
6062
5353
5361
6063
5354
5362
6064
5363
6065
5356
5364
6066
5357
5365
6067
5358
5366
6068
5359
5367
6069
5360
5368
6070
5361
5369
6071
5362
5370
6072
5363
5371
6073
5372
6074
5365
5373
6075
5366
5374
6076
5367
5375
6077
5368
5376
6078
5369
5377
6079
5370
5378
6080
5371
5379
6081
5372
5380
6082
5381
6083
5374
5382
6084
5375
5383
6085
5376
5384
6086
5377
5385
6087
5378
5386
6088
5379
5387
6089
5380
5388
6090
5381
5389
6091
5390
6092
5383
5391
6093
5384
5392
6094
5385
5393
6095
5386
5394
6096
5387
5395
6097
5388
5396
6098
5389
5397
6099
5390
5398
6100
5399
6101
5392
5400
6102
5393
5401
6103
5394
5402
6104
5395
5403
6105
5396
5404
6106
5397
5405
6107
5398
5406
6108
5399
5407
6109
5408
6110
5401
5409
6111
5402
5410
6112
5403
5411
6113
5404
5412
6114
5405
5413
6115
5406
5414
6116
5407
5415
6117
5408
5416
6118
5417
6119
5410
5418
6120
5411
5419
6121
5412
5420
6122
5413
5421
6123
5414
5422
6124
5415
5423
6125
5416
5424
6126
5417
5425
6127
5426
6128
5419
5427
6129
5420
5428
6130
5421
5429
6131
5422
5430
6132
5423
5431
6133
5424
5432
6134
5425
5433
6135
5426
5434
6136
5435
6137
5428
5436
6138
5429
5437
6139
5430
5438
6140
5431
5439
6141
5432
5440
6142
5433
5441
6143
5434
5442
6144
5435
5443
6145
5444
6146
5437
5445
6147
5438
5446
6148
5439
5447
6149
5440
5448
6150
5441
5449
6151
5442
5450
6152
5443
5451
6153
5444
5452
6154
5453
6155
5446
5454
6156
5447
5455
6157
5448
5456
6158
5449
5457
6159
5450
5458
6160
5451
5459
6161
5452
5460
6162
5453
5461
6163
5462
6164
5455
5463
6165
5456
5464
6166
5457
5465
6167
5458
5466
6168
5459
5467
6169
5460
5468
6170
5461
5469
6171
5462
5470
6172
5471
6173
5464
5472
6174
5465
5473
6175
5466
5474
6176
5467
5475
6177
5468
5476
6178
5469
5477
6179
5470
5478
6180
5471
5479
6181
5480
6182
5473
5481
6183
5474
5482
6184
5475
5483
6185
5476
5484
6186
5477
5485
6187
5478
5486
6188
5479
5487
6189
5480
5488
6190
5489
6191
5482
5490
6192
5483
5491
6193
5484
5492
6194
5485
5493
6195
5486
5494
6196
5487
5495
6197
5488
5496
6198
5489
5497
6199
5498
6200
5491
5499
6201
5492
5500
6202
5493
5501
6203
5494
5502
6204
5495
5503
6205
5496
5504
6206
5497
5505
6207
5498
5506
6208
5507
6209
5500
5508
6210
5501
5509
6211
5502
5510
6212
5503
5511
6213
5504
5512
6214
5505
5513
6215
5506
5514
6216
5507
5515
6217
5516
6218
5509
5517
6219
5510
5518
6220
5511
5519
6221
5512
5520
6222
5513
5521
6223
5514
5522
6224
5515
5523
6225
5516
5524
6226
5525
6227
5518
5526
6228
5519
5527
6229
5520
5528
6230
5521
5529
6231
5522
5530
6232
5523
5531
6233
5524
5532
6234
5525
5533
6235
5534
6236
5527
5535
6237
5528
5536
6238
5529
5537
6239
5530
5538
6240
5531
5539
6241
5532
5540
6242
5533
5541
6243
5534
5542
6244
5543
6245
5536
5544
6246
5537
5545
6247
5538
5546
6248
5539
5547
6249
5540
5548
6250
5541
5549
6251
5542
5550
6252
5543
5551
6253
5552
6254
5545
5553
6255
5546
5554
6256
5547
5555
6257
5548
5556
6258
5549
5557
6259
5550
5558
6260
5551
5559
6261
5552
5560
6262
5561
6263
5554
5562
6264
5555
5563
6265
5556
5564
6266
5557
5565
6267
5558
5566
6268
5559
5567
6269
5560
5568
6270
5561
5569
6271
5570
6272
5563
5571
6273
5564
5572
6274
5565
5573
6275
5566
5574
6276
5567
5575
6277
5568
5576
6278
5569
5577
6279
5570
5578
6280
5579
6281
5572
5580
6282
5573
5581
6283
5574
5582
6284
5575
5583
6285
5576
5584
6286
5577
5585
6287
5578
5586
6288
5579
5587
6289
5588
6290
5581
5589
6291
5582
5590
6292
5583
5591
6293
5584
5592
6294
5585
5593
6295
5586
5594
6296
5587
5595
6297
5588
5596
6298
5597
6299
5590
5598
6300
5591
5599
6301
5592
5600
6302
5593
5601
6303
5594
5602
6304
5595
5603
6305
5596
5604
6306
5597
5605
6307
5606
6308
5599
5607
6309
5600
5608
6310
5601
5609
6311
5602
5610
6312
5603
5611
6313
5604
5612
6314
5605
5613
6315
5606
5614
6316
5615
6317
5608
5616
6318
5609
5617
6319
5610
5618
6320
5611
5619
6321
5612
5620
6322
5613
5621
6323
5614
5622
6324
5615
5623
6325
5624
6326
5617
5625
6327
5618
5626
6328
5619
5627
6329
5620
5628
6330
5621
5629
6331
5622
5630
6332
5623
5631
6333
5624
5632
6334
5633
6335
5626
5634
6336
5627
5635
6337
5628
5636
6338
5629
5637
6339
5630
5638
6340
5631
5639
6341
5632
5640
6342
5633
5641
6343
5642
6344
5635
5643
6345
5636
5644
6346
5637
5645
6347
5638
5646
6348
5639
5647
6349
5640
5648
6350
5641
5649
6351
5642
5650
6352
5651
6353
5644
5652
6354
5645
5653
6355
5646
5654
6356
5647
5655
6357
5648
5656
6358
5649
5657
6359
5650
5658
6360
5651
5659
6361
5660
6362
5653
5661
6363
5654
5662
6364
5655
5663
6365
5656
5664
6366
5657
5665
6367
5658
5666
6368
5659
5667
6369
5660
5668
6370
5669
6371
5662
5670
6372
5663
5671
6373
5664
5672
6374
5665
5673
6375
5666
5674
6376
5667
5675
6377
5668
5676
6378
5669
5677
6379
5678
6380
5671
5679
6381
5672
5680
6382
5673
5681
6383
5674
5682
6384
5675
5683
6385
5676
5684
6386
5677
5685
6387
5678
5686
6388
5687
6389
5680
6390
5681
6391
5682
6392
5683
6393
5684
6394
5685
6395
5686
6396
5687
6397
6398
5689
5697
5690
5698
5691
5699
5692
5700
5693
5701
5694
5702
5695
5703
5696
5704
5705
5698
5706
5699
5707
5700
5708
5701
5709
5702
5710
5703
5711
5704
5712
5705
5713
5714
5707
5715
5708
5716
5709
5717
5710
5718
5711
5719
5712
5720
5713
5721
5714
5722
5723
5716
5724
5717
5725
5718
5726
5719
5727
5720
5728
5721
5729
5722
5730
5723
5731
5732
5725
5733
5726
5734
5727
5735
5728
5736
5729
5737
5730
5738
5731
5739
5732
5740
5741
5734
5742
5735
5743
5736
5744
5737
5745
5738
5746
5739
5747
5740
5748
5741
5749
5750
5743
5751
5744
5752
5745
5753
5746
5754
5747
5755
5748
5756
5749
5757
5750
5758
5759
5752
5760
5753
5761
5754
5762
5755
5763
5756
5764
5757
5765
5758
5766
5759
5767
5768
5761
5769
5762
5770
5763
5771
5764
5772
5765
5773
5766
5774
5767
5775
5768
5776
5777
5770
5778
5771
5779
5772
5780
5773
5781
5774
5782
5775
5783
5776
5784
5777
5785
5786
5779
5787
5780
5788
5781
5789
5782
5790
5783
5791
5784
5792
5785
5793
5786
5794
5795
5788
5796
5789
5797
5790
5798
5791
5799
5792
5800
5793
5801
5794
5802
5795
5803
5804
5797
5805
5798
5806
5799
5807
5800
5808
5801
5809
5802
5810
5803
5811
5804
5812
5813
5806
5814
5807
5815
5808
5816
5809
5817
5810
5818
5811
5819
5812
5820
5813
5821
5822
5815
5823
5816
5824
5817
5825
5818
5826
5819
5827
5820
5828
5821
5829
5822
5830
5831
5824
5832
5825
5833
5826
5834
5827
5835
5828
5836
5829
5837
5830
5838
5831
5839
5840
5833
5841
5834
5842
5835
5843
5836
5844
5837
5845
5838
5846
5839
5847
5840
5848
5849
5842
5850
5843
5851
5844
5852
5845
5853
5846
5854
5847
5855
5848
5856
5849
5857
5858
5851
5859
5852
5860
5853
5861
5854
5862
5855
5863
5856
5864
5857
5865
5858
5866
5867
5860
5868
5861
5869
5862
5870
5863
5871
5864
5872
5865
5873
5866
5874
5867
5875
5876
5869
5877
5870
5878
5871
5879
5872
5880
5873
5881
5874
5882
5875
5883
5876
5884
5885
5878
5886
5879
5887
5880
5888
5881
5889
5882
5890
5883
5891
5884
5892
5885
5893
5894
5887
5895
5888
5896
5889
5897
5890
5898
5891
5899
5892
5900
5893
5901
5894
5902
5903
5896
5904
5897
5905
5898
5906
5899
5907
5900
5908
5901
5909
5902
5910
5903
5911
5912
5905
5913
5906
5914
5907
5915
5908
5916
5909
5917
5910
5918
5911
5919
5912
5920
5921
5914
5922
5915
5923
5916
5924
5917
5925
5918
5926
5919
5927
5920
5928
5921
5929
5930
5923
5931
5924
5932
5925
5933
5926
5934
5927
5935
5928
5936
5929
5937
5930
5938
5939
5932
5940
5933
5941
5934
5942
5935
5943
5936
5944
5937
5945
5938
5946
5939
5947
5948
5941
5949
5942
5950
5943
5951
5944
5952
5945
5953
5946
5954
5947
5955
5948
5956
5957
5950
5958
5951
5959
5952
5960
5953
5961
5954
5962
5955
5963
5956
5964
5957
5965
5966
5959
5967
5960
5968
5961
5969
5962
5970
5963
5971
5964
5972
5965
5973
5966
5974
5975
5968
5976
5969
5977
5970
5978
5971
5979
5972
5980
5973
5981
5974
5982
5975
5983
5984
5977
5985
5978
5986
5979
5987
5980
5988
5981
5989
5982
5990
5983
5991
5984
5992
5993
5986
5994
5987
5995
5988
5996
5989
5997
5990
5998
5991
5999
5992
6000
5993
6001
6002
5995
6003
5996
6004
5997
6005
5998
6006
5999
6007
6000
6008
6001
6009
6002
6010
6011
6004
6012
6005
6013
6006
6014
6007
6015
6008
6016
6009
6017
6010
6018
6011
6019
6020
6013
6021
6014
6022
6015
6023
6016
6024
6017
6025
6018
6026
6019
6027
6020
6028
6029
6022
6030
6023
6031
6024
6032
6025
6033
6026
6034
6027
6035
6028
6036
6029
6037
6038
6031
6039
6032
6040
6033
6041
6034
6042
6035
6043
6036
6044
6037
6045
6038
6046
6047
6040
6048
6041
6049
6042
6050
6043
6051
6044
6052
6045
6053
6046
6054
6047
6055
6056
6049
6057
6050
6058
6051
6059
6052
6060
6053
6061
6054
6062
6055
6063
6056
6064
6065
6058
6066
6059
6067
6060
6068
6061
6069
6062
6070
6063
6071
6064
6072
6065
6073
6074
6067
6075
6068
6076
6069
6077
6070
6078
6071
6079
6072
6080
6073
6081
6074
6082
6083
6076
6084
6077
6085
6078
6086
6079
6087
6080
6088
6081
6089
6082
6090
6083
6091
6092
6085
6093
6086
6094
6087
6095
6088
6096
6089
6097
6090
6098
6091
6099
6092
6100
6101
6094
6102
6095
6103
6096
6104
6097
6105
6098
6106
6099
6107
6100
6108
6101
6109
6110
6103
6111
6104
6112
6105
6113
6106
6114
6107
6115
6108
6116
6109
6117
6110
6118
6119
6112
6120
6113
6121
6114
6122
6115
6123
6116
6124
6117
6125
6118
6126
6119
6127
6128
6121
6129
6122
6130
6123
6131
6124
6132
6125
6133
6126
6134
6127
6135
6128
6136
6137
6130
6138
6131
6139
6132
6140
6133
6141
6134
6142
6135
6143
6136
6144
6137
6145
6146
6139
6147
6140
6148
6141
6149
6142
6150
6143
6151
6144
6152
6145
6153
6146
6154
6155
6148
6156
6149
6157
6150
6158
6151
6159
6152
6160
6153
6161
6154
6162
6155
6163
6164
6157
6165
6158
6166
6159
6167
6160
6168
6161
6169
6162
6170
6163
6171
6164
6172
6173
6166
6174
6167
6175
6168
6176
6169
6177
6170
6178
6171
6179
6172
6180
6173
6181
6182
6175
6183
6176
6184
6177
6185
6178
6186
6179
6187
6180
6188
6181
6189
6182
6190
6191
6184
6192
6185
6193
6186
6194
6187
6195
6188
6196
6189
6197
6190
6198
6191
6199
6200
6193
6201
6194
6202
6195
6203
6196
6204
6197
6205
6198
6206
6199
6207
6200
6208
6209
6202
6210
6203
6211
6204
6212
6205
6213
6206
6214
6207
6215
6208
6216
6209
6217
6218
6211
6219
6212
6220
6213
6221
6214
6222
6215
6223
6216
6224
6217
6225
6218
6226
6227
6220
6228
6221
6229
6222
6230
6223
6231
6224
6232
6225
6233
6226
6234
6227
6235
6236
6229
6237
6230
6238
6231
6239
6232
6240
6233
6241
6234
6242
6235
6243
6236
6244
6245
6238
6246
6239
6247
6240
6248
6241
6249
6242
6250
6243
6251
6244
6252
6245
6253
6254
6247
6255
6248
6256
6249
6257
6250
6258
6251
6259
6252
6260
6253
6261
6254
6262
6263
6256
6264
6257
6265
6258
6266
6259
6267
6260
6268
6261
6269
6262
6270
6263
6271
6272
6265
6273
6266
6274
6267
6275
6268
6276
6269
6277
6270
6278
6271
6279
6272
6280
6281
6274
6282
6275
6283
6276
6284
6277
6285
6278
6286
6279
6287
6280
6288
6281
6289
6290
6283
6291
6284
6292
6285
6293
6286
6294
6287
6295
6288
6296
6289
6297
6290
6298
6299
6292
6300
6293
6301
6294
6302
6295
6303
6296
6304
6297
6305
6298
6306
6299
6307
6308
6301
6309
6302
6310
6303
6311
6304
6312
6305
6313
6306
6314
6307
6315
6308
6316
6317
6310
6318
6311
6319
6312
6320
6313
6321
6314
6322
6315
6323
6316
6324
6317
6325
6326
6319
6327
6320
6328
6321
6329
6322
6330
6323
6331
6324
6332
6325
6333
6326
6334
6335
6328
6336
6329
6337
6330
6338
6331
6339
6332
6340
6333
6341
6334
6342
6335
6343
6344
6337
6345
6338
6346
6339
6347
6340
6348
6341
6349
6342
6350
6343
6351
6344
6352
6353
6346
6354
6347
6355
6348
6356
6349
6357
6350
6358
6351
6359
6352
6360
6353
6361
6362
6355
6363
6356
6364
6357
6365
6358
6366
6359
6367
6360
6368
6361
6369
6362
6370
6371
6364
6372
6365
6373
6366
6374
6367
6375
6368
6376
6369
6377
6370
6378
6371
6379
6380
6373
6381
6374
6382
6375
6383
6376
6384
6377
6385
6378
6386
6379
6387
6380
6388
6389
6382
6390
6383
6391
6384
6392
6385
6393
6386
6394
6387
6395
6388
6396
6389
6397
6398
6391
6392
6393
6394
6395
6396
6397
6398
)


// ************************************************************************* //
