/*--------------------------------*- C++ -*----------------------------------*\
  =========                 |
  \\      /  F ield         | OpenFOAM: The Open Source CFD Toolbox
   \\    /   O peration     | Website:  https://openfoam.org
    \\  /    A nd           | Version:  9
     \\/     M anipulation  |
\*---------------------------------------------------------------------------*/
FoamFile
{
    format      ascii;
    class       faceList;
    location    "constant/polyMesh";
    object      faces;
}
// * * * * * * * * * * * * * * * * * * * * * * * * * * * * * * * * * * * * * //


4070
(
4(1 22 1093 1072)
4(21 1092 1093 22)
4(2 23 1094 1073)
4(22 1093 1094 23)
4(3 24 1095 1074)
4(23 1094 1095 24)
4(4 25 1096 1075)
4(24 1095 1096 25)
4(5 26 1097 1076)
4(25 1096 1097 26)
4(6 27 1098 1077)
4(26 1097 1098 27)
4(7 28 1099 1078)
4(27 1098 1099 28)
4(8 29 1100 1079)
4(28 1099 1100 29)
4(9 30 1101 1080)
4(29 1100 1101 30)
4(10 31 1102 1081)
4(30 1101 1102 31)
4(11 32 1103 1082)
4(31 1102 1103 32)
4(12 33 1104 1083)
4(32 1103 1104 33)
4(13 34 1105 1084)
4(33 1104 1105 34)
4(14 35 1106 1085)
4(34 1105 1106 35)
4(15 36 1107 1086)
4(35 1106 1107 36)
4(16 37 1108 1087)
4(36 1107 1108 37)
4(17 38 1109 1088)
4(37 1108 1109 38)
4(18 39 1110 1089)
4(38 1109 1110 39)
4(19 40 1111 1090)
4(39 1110 1111 40)
4(40 1111 1112 41)
4(22 43 1114 1093)
4(42 1113 1114 43)
4(23 44 1115 1094)
4(43 1114 1115 44)
4(24 45 1116 1095)
4(44 1115 1116 45)
4(25 46 1117 1096)
4(45 1116 1117 46)
4(26 47 1118 1097)
4(46 1117 1118 47)
4(27 48 1119 1098)
4(47 1118 1119 48)
4(28 49 1120 1099)
4(48 1119 1120 49)
4(29 50 1121 1100)
4(49 1120 1121 50)
4(30 51 1122 1101)
4(50 1121 1122 51)
4(31 52 1123 1102)
4(51 1122 1123 52)
4(32 53 1124 1103)
4(52 1123 1124 53)
4(33 54 1125 1104)
4(53 1124 1125 54)
4(34 55 1126 1105)
4(54 1125 1126 55)
4(35 56 1127 1106)
4(55 1126 1127 56)
4(36 57 1128 1107)
4(56 1127 1128 57)
4(37 58 1129 1108)
4(57 1128 1129 58)
4(38 59 1130 1109)
4(58 1129 1130 59)
4(39 60 1131 1110)
4(59 1130 1131 60)
4(40 61 1132 1111)
4(60 1131 1132 61)
4(61 1132 1133 62)
4(43 64 1135 1114)
4(63 1134 1135 64)
4(44 65 1136 1115)
4(64 1135 1136 65)
4(45 66 1137 1116)
4(65 1136 1137 66)
4(46 67 1138 1117)
4(66 1137 1138 67)
4(47 68 1139 1118)
4(67 1138 1139 68)
4(48 69 1140 1119)
4(68 1139 1140 69)
4(49 70 1141 1120)
4(69 1140 1141 70)
4(50 71 1142 1121)
4(70 1141 1142 71)
4(51 72 1143 1122)
4(71 1142 1143 72)
4(52 73 1144 1123)
4(72 1143 1144 73)
4(53 74 1145 1124)
4(73 1144 1145 74)
4(54 75 1146 1125)
4(74 1145 1146 75)
4(55 76 1147 1126)
4(75 1146 1147 76)
4(56 77 1148 1127)
4(76 1147 1148 77)
4(57 78 1149 1128)
4(77 1148 1149 78)
4(58 79 1150 1129)
4(78 1149 1150 79)
4(59 80 1151 1130)
4(79 1150 1151 80)
4(60 81 1152 1131)
4(80 1151 1152 81)
4(61 82 1153 1132)
4(81 1152 1153 82)
4(82 1153 1154 83)
4(64 85 1156 1135)
4(84 1155 1156 85)
4(65 86 1157 1136)
4(85 1156 1157 86)
4(66 87 1158 1137)
4(86 1157 1158 87)
4(67 88 1159 1138)
4(87 1158 1159 88)
4(68 89 1160 1139)
4(88 1159 1160 89)
4(69 90 1161 1140)
4(89 1160 1161 90)
4(70 91 1162 1141)
4(90 1161 1162 91)
4(71 92 1163 1142)
4(91 1162 1163 92)
4(72 93 1164 1143)
4(92 1163 1164 93)
4(73 94 1165 1144)
4(93 1164 1165 94)
4(74 95 1166 1145)
4(94 1165 1166 95)
4(75 96 1167 1146)
4(95 1166 1167 96)
4(76 97 1168 1147)
4(96 1167 1168 97)
4(77 98 1169 1148)
4(97 1168 1169 98)
4(78 99 1170 1149)
4(98 1169 1170 99)
4(79 100 1171 1150)
4(99 1170 1171 100)
4(80 101 1172 1151)
4(100 1171 1172 101)
4(81 102 1173 1152)
4(101 1172 1173 102)
4(82 103 1174 1153)
4(102 1173 1174 103)
4(103 1174 1175 104)
4(85 106 1177 1156)
4(105 1176 1177 106)
4(86 107 1178 1157)
4(106 1177 1178 107)
4(87 108 1179 1158)
4(107 1178 1179 108)
4(88 109 1180 1159)
4(108 1179 1180 109)
4(89 110 1181 1160)
4(109 1180 1181 110)
4(90 111 1182 1161)
4(110 1181 1182 111)
4(91 112 1183 1162)
4(111 1182 1183 112)
4(92 113 1184 1163)
4(112 1183 1184 113)
4(93 114 1185 1164)
4(113 1184 1185 114)
4(94 115 1186 1165)
4(114 1185 1186 115)
4(95 116 1187 1166)
4(115 1186 1187 116)
4(96 117 1188 1167)
4(116 1187 1188 117)
4(97 118 1189 1168)
4(117 1188 1189 118)
4(98 119 1190 1169)
4(118 1189 1190 119)
4(99 120 1191 1170)
4(119 1190 1191 120)
4(100 121 1192 1171)
4(120 1191 1192 121)
4(101 122 1193 1172)
4(121 1192 1193 122)
4(102 123 1194 1173)
4(122 1193 1194 123)
4(103 124 1195 1174)
4(123 1194 1195 124)
4(124 1195 1196 125)
4(106 127 1198 1177)
4(126 1197 1198 127)
4(107 128 1199 1178)
4(127 1198 1199 128)
4(108 129 1200 1179)
4(128 1199 1200 129)
4(109 130 1201 1180)
4(129 1200 1201 130)
4(110 131 1202 1181)
4(130 1201 1202 131)
4(111 132 1203 1182)
4(131 1202 1203 132)
4(112 133 1204 1183)
4(132 1203 1204 133)
4(113 134 1205 1184)
4(133 1204 1205 134)
4(114 135 1206 1185)
4(134 1205 1206 135)
4(115 136 1207 1186)
4(135 1206 1207 136)
4(116 137 1208 1187)
4(136 1207 1208 137)
4(117 138 1209 1188)
4(137 1208 1209 138)
4(118 139 1210 1189)
4(138 1209 1210 139)
4(119 140 1211 1190)
4(139 1210 1211 140)
4(120 141 1212 1191)
4(140 1211 1212 141)
4(121 142 1213 1192)
4(141 1212 1213 142)
4(122 143 1214 1193)
4(142 1213 1214 143)
4(123 144 1215 1194)
4(143 1214 1215 144)
4(124 145 1216 1195)
4(144 1215 1216 145)
4(145 1216 1217 146)
4(127 148 1219 1198)
4(147 1218 1219 148)
4(128 149 1220 1199)
4(148 1219 1220 149)
4(129 150 1221 1200)
4(149 1220 1221 150)
4(130 151 1222 1201)
4(150 1221 1222 151)
4(131 152 1223 1202)
4(151 1222 1223 152)
4(132 153 1224 1203)
4(152 1223 1224 153)
4(133 154 1225 1204)
4(153 1224 1225 154)
4(134 155 1226 1205)
4(154 1225 1226 155)
4(135 156 1227 1206)
4(155 1226 1227 156)
4(136 157 1228 1207)
4(156 1227 1228 157)
4(137 158 1229 1208)
4(157 1228 1229 158)
4(138 159 1230 1209)
4(158 1229 1230 159)
4(139 160 1231 1210)
4(159 1230 1231 160)
4(140 161 1232 1211)
4(160 1231 1232 161)
4(141 162 1233 1212)
4(161 1232 1233 162)
4(142 163 1234 1213)
4(162 1233 1234 163)
4(143 164 1235 1214)
4(163 1234 1235 164)
4(144 165 1236 1215)
4(164 1235 1236 165)
4(145 166 1237 1216)
4(165 1236 1237 166)
4(166 1237 1238 167)
4(148 169 1240 1219)
4(168 1239 1240 169)
4(149 170 1241 1220)
4(169 1240 1241 170)
4(150 171 1242 1221)
4(170 1241 1242 171)
4(151 172 1243 1222)
4(171 1242 1243 172)
4(152 173 1244 1223)
4(172 1243 1244 173)
4(153 174 1245 1224)
4(173 1244 1245 174)
4(154 175 1246 1225)
4(174 1245 1246 175)
4(155 176 1247 1226)
4(175 1246 1247 176)
4(156 177 1248 1227)
4(176 1247 1248 177)
4(157 178 1249 1228)
4(177 1248 1249 178)
4(158 179 1250 1229)
4(178 1249 1250 179)
4(159 180 1251 1230)
4(179 1250 1251 180)
4(160 181 1252 1231)
4(180 1251 1252 181)
4(161 182 1253 1232)
4(181 1252 1253 182)
4(162 183 1254 1233)
4(182 1253 1254 183)
4(163 184 1255 1234)
4(183 1254 1255 184)
4(164 185 1256 1235)
4(184 1255 1256 185)
4(165 186 1257 1236)
4(185 1256 1257 186)
4(166 187 1258 1237)
4(186 1257 1258 187)
4(187 1258 1259 188)
4(169 190 1261 1240)
4(189 1260 1261 190)
4(170 191 1262 1241)
4(190 1261 1262 191)
4(171 192 1263 1242)
4(191 1262 1263 192)
4(172 193 1264 1243)
4(192 1263 1264 193)
4(173 194 1265 1244)
4(193 1264 1265 194)
4(174 195 1266 1245)
4(194 1265 1266 195)
4(175 196 1267 1246)
4(195 1266 1267 196)
4(176 197 1268 1247)
4(196 1267 1268 197)
4(177 198 1269 1248)
4(197 1268 1269 198)
4(178 199 1270 1249)
4(198 1269 1270 199)
4(179 200 1271 1250)
4(199 1270 1271 200)
4(180 201 1272 1251)
4(200 1271 1272 201)
4(181 202 1273 1252)
4(201 1272 1273 202)
4(182 203 1274 1253)
4(202 1273 1274 203)
4(183 204 1275 1254)
4(203 1274 1275 204)
4(184 205 1276 1255)
4(204 1275 1276 205)
4(185 206 1277 1256)
4(205 1276 1277 206)
4(186 207 1278 1257)
4(206 1277 1278 207)
4(187 208 1279 1258)
4(207 1278 1279 208)
4(208 1279 1280 209)
4(190 211 1282 1261)
4(210 1281 1282 211)
4(191 212 1283 1262)
4(211 1282 1283 212)
4(192 213 1284 1263)
4(212 1283 1284 213)
4(193 214 1285 1264)
4(213 1284 1285 214)
4(194 215 1286 1265)
4(214 1285 1286 215)
4(195 216 1287 1266)
4(215 1286 1287 216)
4(196 217 1288 1267)
4(216 1287 1288 217)
4(197 218 1289 1268)
4(217 1288 1289 218)
4(198 219 1290 1269)
4(218 1289 1290 219)
4(199 220 1291 1270)
4(219 1290 1291 220)
4(200 221 1292 1271)
4(220 1291 1292 221)
4(201 222 1293 1272)
4(221 1292 1293 222)
4(202 223 1294 1273)
4(222 1293 1294 223)
4(203 224 1295 1274)
4(223 1294 1295 224)
4(204 225 1296 1275)
4(224 1295 1296 225)
4(205 226 1297 1276)
4(225 1296 1297 226)
4(206 227 1298 1277)
4(226 1297 1298 227)
4(207 228 1299 1278)
4(227 1298 1299 228)
4(208 229 1300 1279)
4(228 1299 1300 229)
4(229 1300 1301 230)
4(211 232 1303 1282)
4(231 1302 1303 232)
4(212 233 1304 1283)
4(232 1303 1304 233)
4(213 234 1305 1284)
4(233 1304 1305 234)
4(214 235 1306 1285)
4(234 1305 1306 235)
4(215 236 1307 1286)
4(235 1306 1307 236)
4(216 237 1308 1287)
4(236 1307 1308 237)
4(217 238 1309 1288)
4(237 1308 1309 238)
4(218 239 1310 1289)
4(238 1309 1310 239)
4(219 240 1311 1290)
4(239 1310 1311 240)
4(220 241 1312 1291)
4(240 1311 1312 241)
4(221 242 1313 1292)
4(241 1312 1313 242)
4(222 243 1314 1293)
4(242 1313 1314 243)
4(223 244 1315 1294)
4(243 1314 1315 244)
4(224 245 1316 1295)
4(244 1315 1316 245)
4(225 246 1317 1296)
4(245 1316 1317 246)
4(226 247 1318 1297)
4(246 1317 1318 247)
4(227 248 1319 1298)
4(247 1318 1319 248)
4(228 249 1320 1299)
4(248 1319 1320 249)
4(229 250 1321 1300)
4(249 1320 1321 250)
4(250 1321 1322 251)
4(232 253 1324 1303)
4(252 1323 1324 253)
4(233 254 1325 1304)
4(253 1324 1325 254)
4(234 255 1326 1305)
4(254 1325 1326 255)
4(235 256 1327 1306)
4(255 1326 1327 256)
4(236 257 1328 1307)
4(256 1327 1328 257)
4(237 258 1329 1308)
4(257 1328 1329 258)
4(238 259 1330 1309)
4(258 1329 1330 259)
4(239 260 1331 1310)
4(259 1330 1331 260)
4(240 261 1332 1311)
4(260 1331 1332 261)
4(241 262 1333 1312)
4(261 1332 1333 262)
4(242 263 1334 1313)
4(262 1333 1334 263)
4(243 264 1335 1314)
4(263 1334 1335 264)
4(244 265 1336 1315)
4(264 1335 1336 265)
4(245 266 1337 1316)
4(265 1336 1337 266)
4(246 267 1338 1317)
4(266 1337 1338 267)
4(247 268 1339 1318)
4(267 1338 1339 268)
4(248 269 1340 1319)
4(268 1339 1340 269)
4(249 270 1341 1320)
4(269 1340 1341 270)
4(250 271 1342 1321)
4(270 1341 1342 271)
4(271 1342 1343 272)
4(253 274 1345 1324)
4(273 1344 1345 274)
4(254 275 1346 1325)
4(274 1345 1346 275)
4(255 276 1347 1326)
4(275 1346 1347 276)
4(256 277 1348 1327)
4(276 1347 1348 277)
4(257 278 1349 1328)
4(277 1348 1349 278)
4(258 279 1350 1329)
4(278 1349 1350 279)
4(259 280 1351 1330)
4(279 1350 1351 280)
4(260 281 1352 1331)
4(280 1351 1352 281)
4(261 282 1353 1332)
4(281 1352 1353 282)
4(262 283 1354 1333)
4(282 1353 1354 283)
4(263 284 1355 1334)
4(283 1354 1355 284)
4(264 285 1356 1335)
4(284 1355 1356 285)
4(265 286 1357 1336)
4(285 1356 1357 286)
4(266 287 1358 1337)
4(286 1357 1358 287)
4(267 288 1359 1338)
4(287 1358 1359 288)
4(268 289 1360 1339)
4(288 1359 1360 289)
4(269 290 1361 1340)
4(289 1360 1361 290)
4(270 291 1362 1341)
4(290 1361 1362 291)
4(271 292 1363 1342)
4(291 1362 1363 292)
4(292 1363 1364 293)
4(274 295 1366 1345)
4(294 1365 1366 295)
4(275 296 1367 1346)
4(295 1366 1367 296)
4(276 297 1368 1347)
4(296 1367 1368 297)
4(277 298 1369 1348)
4(297 1368 1369 298)
4(278 299 1370 1349)
4(298 1369 1370 299)
4(279 300 1371 1350)
4(299 1370 1371 300)
4(280 301 1372 1351)
4(300 1371 1372 301)
4(281 302 1373 1352)
4(301 1372 1373 302)
4(282 303 1374 1353)
4(302 1373 1374 303)
4(283 304 1375 1354)
4(303 1374 1375 304)
4(284 305 1376 1355)
4(304 1375 1376 305)
4(285 306 1377 1356)
4(305 1376 1377 306)
4(286 307 1378 1357)
4(306 1377 1378 307)
4(287 308 1379 1358)
4(307 1378 1379 308)
4(288 309 1380 1359)
4(308 1379 1380 309)
4(289 310 1381 1360)
4(309 1380 1381 310)
4(290 311 1382 1361)
4(310 1381 1382 311)
4(291 312 1383 1362)
4(311 1382 1383 312)
4(292 313 1384 1363)
4(312 1383 1384 313)
4(313 1384 1385 314)
4(295 316 1387 1366)
4(315 1386 1387 316)
4(296 317 1388 1367)
4(316 1387 1388 317)
4(297 318 1389 1368)
4(317 1388 1389 318)
4(298 319 1390 1369)
4(318 1389 1390 319)
4(299 320 1391 1370)
4(319 1390 1391 320)
4(300 321 1392 1371)
4(320 1391 1392 321)
4(301 322 1393 1372)
4(321 1392 1393 322)
4(302 323 1394 1373)
4(322 1393 1394 323)
4(303 324 1395 1374)
4(323 1394 1395 324)
4(304 325 1396 1375)
4(324 1395 1396 325)
4(305 326 1397 1376)
4(325 1396 1397 326)
4(306 327 1398 1377)
4(326 1397 1398 327)
4(307 328 1399 1378)
4(327 1398 1399 328)
4(308 329 1400 1379)
4(328 1399 1400 329)
4(309 330 1401 1380)
4(329 1400 1401 330)
4(310 331 1402 1381)
4(330 1401 1402 331)
4(311 332 1403 1382)
4(331 1402 1403 332)
4(312 333 1404 1383)
4(332 1403 1404 333)
4(313 334 1405 1384)
4(333 1404 1405 334)
4(334 1405 1406 335)
4(316 337 1408 1387)
4(336 1407 1408 337)
4(317 338 1409 1388)
4(337 1408 1409 338)
4(318 339 1410 1389)
4(338 1409 1410 339)
4(319 340 1411 1390)
4(339 1410 1411 340)
4(320 341 1412 1391)
4(340 1411 1412 341)
4(321 342 1413 1392)
4(341 1412 1413 342)
4(322 343 1414 1393)
4(342 1413 1414 343)
4(323 344 1415 1394)
4(343 1414 1415 344)
4(324 345 1416 1395)
4(344 1415 1416 345)
4(325 346 1417 1396)
4(345 1416 1417 346)
4(326 347 1418 1397)
4(346 1417 1418 347)
4(327 348 1419 1398)
4(347 1418 1419 348)
4(328 349 1420 1399)
4(348 1419 1420 349)
4(329 350 1421 1400)
4(349 1420 1421 350)
4(330 351 1422 1401)
4(350 1421 1422 351)
4(331 352 1423 1402)
4(351 1422 1423 352)
4(332 353 1424 1403)
4(352 1423 1424 353)
4(333 354 1425 1404)
4(353 1424 1425 354)
4(334 355 1426 1405)
4(354 1425 1426 355)
4(355 1426 1427 356)
4(337 358 1429 1408)
4(357 1428 1429 358)
4(338 359 1430 1409)
4(358 1429 1430 359)
4(339 360 1431 1410)
4(359 1430 1431 360)
4(340 361 1432 1411)
4(360 1431 1432 361)
4(341 362 1433 1412)
4(361 1432 1433 362)
4(342 363 1434 1413)
4(362 1433 1434 363)
4(343 364 1435 1414)
4(363 1434 1435 364)
4(344 365 1436 1415)
4(364 1435 1436 365)
4(345 366 1437 1416)
4(365 1436 1437 366)
4(346 367 1438 1417)
4(366 1437 1438 367)
4(347 368 1439 1418)
4(367 1438 1439 368)
4(348 369 1440 1419)
4(368 1439 1440 369)
4(349 370 1441 1420)
4(369 1440 1441 370)
4(350 371 1442 1421)
4(370 1441 1442 371)
4(351 372 1443 1422)
4(371 1442 1443 372)
4(352 373 1444 1423)
4(372 1443 1444 373)
4(353 374 1445 1424)
4(373 1444 1445 374)
4(354 375 1446 1425)
4(374 1445 1446 375)
4(355 376 1447 1426)
4(375 1446 1447 376)
4(376 1447 1448 377)
4(358 379 1450 1429)
4(378 1449 1450 379)
4(359 380 1451 1430)
4(379 1450 1451 380)
4(360 381 1452 1431)
4(380 1451 1452 381)
4(361 382 1453 1432)
4(381 1452 1453 382)
4(362 383 1454 1433)
4(382 1453 1454 383)
4(363 384 1455 1434)
4(383 1454 1455 384)
4(364 385 1456 1435)
4(384 1455 1456 385)
4(365 386 1457 1436)
4(385 1456 1457 386)
4(366 387 1458 1437)
4(386 1457 1458 387)
4(367 388 1459 1438)
4(387 1458 1459 388)
4(368 389 1460 1439)
4(388 1459 1460 389)
4(369 390 1461 1440)
4(389 1460 1461 390)
4(370 391 1462 1441)
4(390 1461 1462 391)
4(371 392 1463 1442)
4(391 1462 1463 392)
4(372 393 1464 1443)
4(392 1463 1464 393)
4(373 394 1465 1444)
4(393 1464 1465 394)
4(374 395 1466 1445)
4(394 1465 1466 395)
4(375 396 1467 1446)
4(395 1466 1467 396)
4(376 397 1468 1447)
4(396 1467 1468 397)
4(397 1468 1469 398)
4(379 400 1471 1450)
4(399 1470 1471 400)
4(380 401 1472 1451)
4(400 1471 1472 401)
4(381 402 1473 1452)
4(401 1472 1473 402)
4(382 403 1474 1453)
4(402 1473 1474 403)
4(383 404 1475 1454)
4(403 1474 1475 404)
4(384 405 1476 1455)
4(404 1475 1476 405)
4(385 406 1477 1456)
4(405 1476 1477 406)
4(386 407 1478 1457)
4(406 1477 1478 407)
4(387 408 1479 1458)
4(407 1478 1479 408)
4(388 409 1480 1459)
4(408 1479 1480 409)
4(389 410 1481 1460)
4(409 1480 1481 410)
4(390 411 1482 1461)
4(410 1481 1482 411)
4(391 412 1483 1462)
4(411 1482 1483 412)
4(392 413 1484 1463)
4(412 1483 1484 413)
4(393 414 1485 1464)
4(413 1484 1485 414)
4(394 415 1486 1465)
4(414 1485 1486 415)
4(395 416 1487 1466)
4(415 1486 1487 416)
4(396 417 1488 1467)
4(416 1487 1488 417)
4(397 418 1489 1468)
4(417 1488 1489 418)
4(418 1489 1490 419)
4(400 421 1492 1471)
4(420 1491 1492 421)
4(401 422 1493 1472)
4(421 1492 1493 422)
4(402 423 1494 1473)
4(422 1493 1494 423)
4(403 424 1495 1474)
4(423 1494 1495 424)
4(404 425 1496 1475)
4(424 1495 1496 425)
4(405 426 1497 1476)
4(425 1496 1497 426)
4(406 427 1498 1477)
4(426 1497 1498 427)
4(407 428 1499 1478)
4(427 1498 1499 428)
4(408 429 1500 1479)
4(428 1499 1500 429)
4(409 430 1501 1480)
4(429 1500 1501 430)
4(410 431 1502 1481)
4(430 1501 1502 431)
4(411 432 1503 1482)
4(431 1502 1503 432)
4(412 433 1504 1483)
4(432 1503 1504 433)
4(413 434 1505 1484)
4(433 1504 1505 434)
4(414 435 1506 1485)
4(434 1505 1506 435)
4(415 436 1507 1486)
4(435 1506 1507 436)
4(416 437 1508 1487)
4(436 1507 1508 437)
4(417 438 1509 1488)
4(437 1508 1509 438)
4(418 439 1510 1489)
4(438 1509 1510 439)
4(439 1510 1511 440)
4(421 442 1513 1492)
4(441 1512 1513 442)
4(422 443 1514 1493)
4(442 1513 1514 443)
4(423 444 1515 1494)
4(443 1514 1515 444)
4(424 445 1516 1495)
4(444 1515 1516 445)
4(425 446 1517 1496)
4(445 1516 1517 446)
4(426 447 1518 1497)
4(446 1517 1518 447)
4(427 448 1519 1498)
4(447 1518 1519 448)
4(428 449 1520 1499)
4(448 1519 1520 449)
4(429 450 1521 1500)
4(449 1520 1521 450)
4(430 451 1522 1501)
4(450 1521 1522 451)
4(431 452 1523 1502)
4(451 1522 1523 452)
4(432 453 1524 1503)
4(452 1523 1524 453)
4(433 454 1525 1504)
4(453 1524 1525 454)
4(434 455 1526 1505)
4(454 1525 1526 455)
4(435 456 1527 1506)
4(455 1526 1527 456)
4(436 457 1528 1507)
4(456 1527 1528 457)
4(437 458 1529 1508)
4(457 1528 1529 458)
4(438 459 1530 1509)
4(458 1529 1530 459)
4(439 460 1531 1510)
4(459 1530 1531 460)
4(460 1531 1532 461)
4(442 463 1534 1513)
4(462 1533 1534 463)
4(443 464 1535 1514)
4(463 1534 1535 464)
4(444 465 1536 1515)
4(464 1535 1536 465)
4(445 466 1537 1516)
4(465 1536 1537 466)
4(446 467 1538 1517)
4(466 1537 1538 467)
4(447 468 1539 1518)
4(467 1538 1539 468)
4(448 469 1540 1519)
4(468 1539 1540 469)
4(449 470 1541 1520)
4(469 1540 1541 470)
4(450 471 1542 1521)
4(470 1541 1542 471)
4(451 472 1543 1522)
4(471 1542 1543 472)
4(452 473 1544 1523)
4(472 1543 1544 473)
4(453 474 1545 1524)
4(473 1544 1545 474)
4(454 475 1546 1525)
4(474 1545 1546 475)
4(455 476 1547 1526)
4(475 1546 1547 476)
4(456 477 1548 1527)
4(476 1547 1548 477)
4(457 478 1549 1528)
4(477 1548 1549 478)
4(458 479 1550 1529)
4(478 1549 1550 479)
4(459 480 1551 1530)
4(479 1550 1551 480)
4(460 481 1552 1531)
4(480 1551 1552 481)
4(481 1552 1553 482)
4(463 484 1555 1534)
4(483 1554 1555 484)
4(464 485 1556 1535)
4(484 1555 1556 485)
4(465 486 1557 1536)
4(485 1556 1557 486)
4(466 487 1558 1537)
4(486 1557 1558 487)
4(467 488 1559 1538)
4(487 1558 1559 488)
4(468 489 1560 1539)
4(488 1559 1560 489)
4(469 490 1561 1540)
4(489 1560 1561 490)
4(470 491 1562 1541)
4(490 1561 1562 491)
4(471 492 1563 1542)
4(491 1562 1563 492)
4(472 493 1564 1543)
4(492 1563 1564 493)
4(473 494 1565 1544)
4(493 1564 1565 494)
4(474 495 1566 1545)
4(494 1565 1566 495)
4(475 496 1567 1546)
4(495 1566 1567 496)
4(476 497 1568 1547)
4(496 1567 1568 497)
4(477 498 1569 1548)
4(497 1568 1569 498)
4(478 499 1570 1549)
4(498 1569 1570 499)
4(479 500 1571 1550)
4(499 1570 1571 500)
4(480 501 1572 1551)
4(500 1571 1572 501)
4(481 502 1573 1552)
4(501 1572 1573 502)
4(502 1573 1574 503)
4(484 505 1576 1555)
4(504 1575 1576 505)
4(485 506 1577 1556)
4(505 1576 1577 506)
4(486 507 1578 1557)
4(506 1577 1578 507)
4(487 508 1579 1558)
4(507 1578 1579 508)
4(488 509 1580 1559)
4(508 1579 1580 509)
4(489 510 1581 1560)
4(509 1580 1581 510)
4(490 511 1582 1561)
4(510 1581 1582 511)
4(491 512 1583 1562)
4(511 1582 1583 512)
4(492 513 1584 1563)
4(512 1583 1584 513)
4(493 514 1585 1564)
4(513 1584 1585 514)
4(494 515 1586 1565)
4(514 1585 1586 515)
4(495 516 1587 1566)
4(515 1586 1587 516)
4(496 517 1588 1567)
4(516 1587 1588 517)
4(497 518 1589 1568)
4(517 1588 1589 518)
4(498 519 1590 1569)
4(518 1589 1590 519)
4(499 520 1591 1570)
4(519 1590 1591 520)
4(500 521 1592 1571)
4(520 1591 1592 521)
4(501 522 1593 1572)
4(521 1592 1593 522)
4(502 523 1594 1573)
4(522 1593 1594 523)
4(523 1594 1595 524)
4(505 526 1597 1576)
4(525 1596 1597 526)
4(506 527 1598 1577)
4(526 1597 1598 527)
4(507 528 1599 1578)
4(527 1598 1599 528)
4(508 529 1600 1579)
4(528 1599 1600 529)
4(509 530 1601 1580)
4(529 1600 1601 530)
4(510 531 1602 1581)
4(530 1601 1602 531)
4(511 532 1603 1582)
4(531 1602 1603 532)
4(512 533 1604 1583)
4(532 1603 1604 533)
4(513 534 1605 1584)
4(533 1604 1605 534)
4(514 535 1606 1585)
4(534 1605 1606 535)
4(515 536 1607 1586)
4(535 1606 1607 536)
4(516 537 1608 1587)
4(536 1607 1608 537)
4(517 538 1609 1588)
4(537 1608 1609 538)
4(518 539 1610 1589)
4(538 1609 1610 539)
4(519 540 1611 1590)
4(539 1610 1611 540)
4(520 541 1612 1591)
4(540 1611 1612 541)
4(521 542 1613 1592)
4(541 1612 1613 542)
4(522 543 1614 1593)
4(542 1613 1614 543)
4(523 544 1615 1594)
4(543 1614 1615 544)
4(544 1615 1616 545)
4(526 547 1618 1597)
4(546 1617 1618 547)
4(527 548 1619 1598)
4(547 1618 1619 548)
4(528 549 1620 1599)
4(548 1619 1620 549)
4(529 550 1621 1600)
4(549 1620 1621 550)
4(530 551 1622 1601)
4(550 1621 1622 551)
4(531 552 1623 1602)
4(551 1622 1623 552)
4(532 553 1624 1603)
4(552 1623 1624 553)
4(533 554 1625 1604)
4(553 1624 1625 554)
4(534 555 1626 1605)
4(554 1625 1626 555)
4(535 556 1627 1606)
4(555 1626 1627 556)
4(536 557 1628 1607)
4(556 1627 1628 557)
4(537 558 1629 1608)
4(557 1628 1629 558)
4(538 559 1630 1609)
4(558 1629 1630 559)
4(539 560 1631 1610)
4(559 1630 1631 560)
4(540 561 1632 1611)
4(560 1631 1632 561)
4(541 562 1633 1612)
4(561 1632 1633 562)
4(542 563 1634 1613)
4(562 1633 1634 563)
4(543 564 1635 1614)
4(563 1634 1635 564)
4(544 565 1636 1615)
4(564 1635 1636 565)
4(565 1636 1637 566)
4(547 568 1639 1618)
4(567 1638 1639 568)
4(548 569 1640 1619)
4(568 1639 1640 569)
4(549 570 1641 1620)
4(569 1640 1641 570)
4(550 571 1642 1621)
4(570 1641 1642 571)
4(551 572 1643 1622)
4(571 1642 1643 572)
4(552 573 1644 1623)
4(572 1643 1644 573)
4(553 574 1645 1624)
4(573 1644 1645 574)
4(554 575 1646 1625)
4(574 1645 1646 575)
4(555 576 1647 1626)
4(575 1646 1647 576)
4(556 577 1648 1627)
4(576 1647 1648 577)
4(557 578 1649 1628)
4(577 1648 1649 578)
4(558 579 1650 1629)
4(578 1649 1650 579)
4(559 580 1651 1630)
4(579 1650 1651 580)
4(560 581 1652 1631)
4(580 1651 1652 581)
4(561 582 1653 1632)
4(581 1652 1653 582)
4(562 583 1654 1633)
4(582 1653 1654 583)
4(563 584 1655 1634)
4(583 1654 1655 584)
4(564 585 1656 1635)
4(584 1655 1656 585)
4(565 586 1657 1636)
4(585 1656 1657 586)
4(586 1657 1658 587)
4(568 589 1660 1639)
4(588 1659 1660 589)
4(569 590 1661 1640)
4(589 1660 1661 590)
4(570 591 1662 1641)
4(590 1661 1662 591)
4(571 592 1663 1642)
4(591 1662 1663 592)
4(572 593 1664 1643)
4(592 1663 1664 593)
4(573 594 1665 1644)
4(593 1664 1665 594)
4(574 595 1666 1645)
4(594 1665 1666 595)
4(575 596 1667 1646)
4(595 1666 1667 596)
4(576 597 1668 1647)
4(596 1667 1668 597)
4(577 598 1669 1648)
4(597 1668 1669 598)
4(578 599 1670 1649)
4(598 1669 1670 599)
4(579 600 1671 1650)
4(599 1670 1671 600)
4(580 601 1672 1651)
4(600 1671 1672 601)
4(581 602 1673 1652)
4(601 1672 1673 602)
4(582 603 1674 1653)
4(602 1673 1674 603)
4(583 604 1675 1654)
4(603 1674 1675 604)
4(584 605 1676 1655)
4(604 1675 1676 605)
4(585 606 1677 1656)
4(605 1676 1677 606)
4(586 607 1678 1657)
4(606 1677 1678 607)
4(607 1678 1679 608)
4(589 610 1681 1660)
4(609 1680 1681 610)
4(590 611 1682 1661)
4(610 1681 1682 611)
4(591 612 1683 1662)
4(611 1682 1683 612)
4(592 613 1684 1663)
4(612 1683 1684 613)
4(593 614 1685 1664)
4(613 1684 1685 614)
4(594 615 1686 1665)
4(614 1685 1686 615)
4(595 616 1687 1666)
4(615 1686 1687 616)
4(596 617 1688 1667)
4(616 1687 1688 617)
4(597 618 1689 1668)
4(617 1688 1689 618)
4(598 619 1690 1669)
4(618 1689 1690 619)
4(599 620 1691 1670)
4(619 1690 1691 620)
4(600 621 1692 1671)
4(620 1691 1692 621)
4(601 622 1693 1672)
4(621 1692 1693 622)
4(602 623 1694 1673)
4(622 1693 1694 623)
4(603 624 1695 1674)
4(623 1694 1695 624)
4(604 625 1696 1675)
4(624 1695 1696 625)
4(605 626 1697 1676)
4(625 1696 1697 626)
4(606 627 1698 1677)
4(626 1697 1698 627)
4(607 628 1699 1678)
4(627 1698 1699 628)
4(628 1699 1700 629)
4(610 631 1702 1681)
4(630 1701 1702 631)
4(611 632 1703 1682)
4(631 1702 1703 632)
4(612 633 1704 1683)
4(632 1703 1704 633)
4(613 634 1705 1684)
4(633 1704 1705 634)
4(614 635 1706 1685)
4(634 1705 1706 635)
4(615 636 1707 1686)
4(635 1706 1707 636)
4(616 637 1708 1687)
4(636 1707 1708 637)
4(617 638 1709 1688)
4(637 1708 1709 638)
4(618 639 1710 1689)
4(638 1709 1710 639)
4(619 640 1711 1690)
4(639 1710 1711 640)
4(620 641 1712 1691)
4(640 1711 1712 641)
4(621 642 1713 1692)
4(641 1712 1713 642)
4(622 643 1714 1693)
4(642 1713 1714 643)
4(623 644 1715 1694)
4(643 1714 1715 644)
4(624 645 1716 1695)
4(644 1715 1716 645)
4(625 646 1717 1696)
4(645 1716 1717 646)
4(626 647 1718 1697)
4(646 1717 1718 647)
4(627 648 1719 1698)
4(647 1718 1719 648)
4(628 649 1720 1699)
4(648 1719 1720 649)
4(649 1720 1721 650)
4(631 652 1723 1702)
4(651 1722 1723 652)
4(632 653 1724 1703)
4(652 1723 1724 653)
4(633 654 1725 1704)
4(653 1724 1725 654)
4(634 655 1726 1705)
4(654 1725 1726 655)
4(635 656 1727 1706)
4(655 1726 1727 656)
4(636 657 1728 1707)
4(656 1727 1728 657)
4(637 658 1729 1708)
4(657 1728 1729 658)
4(638 659 1730 1709)
4(658 1729 1730 659)
4(639 660 1731 1710)
4(659 1730 1731 660)
4(640 661 1732 1711)
4(660 1731 1732 661)
4(641 662 1733 1712)
4(661 1732 1733 662)
4(642 663 1734 1713)
4(662 1733 1734 663)
4(643 664 1735 1714)
4(663 1734 1735 664)
4(644 665 1736 1715)
4(664 1735 1736 665)
4(645 666 1737 1716)
4(665 1736 1737 666)
4(646 667 1738 1717)
4(666 1737 1738 667)
4(647 668 1739 1718)
4(667 1738 1739 668)
4(648 669 1740 1719)
4(668 1739 1740 669)
4(649 670 1741 1720)
4(669 1740 1741 670)
4(670 1741 1742 671)
4(652 673 1744 1723)
4(672 1743 1744 673)
4(653 674 1745 1724)
4(673 1744 1745 674)
4(654 675 1746 1725)
4(674 1745 1746 675)
4(655 676 1747 1726)
4(675 1746 1747 676)
4(656 677 1748 1727)
4(676 1747 1748 677)
4(657 678 1749 1728)
4(677 1748 1749 678)
4(658 679 1750 1729)
4(678 1749 1750 679)
4(659 680 1751 1730)
4(679 1750 1751 680)
4(660 681 1752 1731)
4(680 1751 1752 681)
4(661 682 1753 1732)
4(681 1752 1753 682)
4(662 683 1754 1733)
4(682 1753 1754 683)
4(663 684 1755 1734)
4(683 1754 1755 684)
4(664 685 1756 1735)
4(684 1755 1756 685)
4(665 686 1757 1736)
4(685 1756 1757 686)
4(666 687 1758 1737)
4(686 1757 1758 687)
4(667 688 1759 1738)
4(687 1758 1759 688)
4(668 689 1760 1739)
4(688 1759 1760 689)
4(669 690 1761 1740)
4(689 1760 1761 690)
4(670 691 1762 1741)
4(690 1761 1762 691)
4(691 1762 1763 692)
4(673 694 1765 1744)
4(693 1764 1765 694)
4(674 695 1766 1745)
4(694 1765 1766 695)
4(675 696 1767 1746)
4(695 1766 1767 696)
4(676 697 1768 1747)
4(696 1767 1768 697)
4(677 698 1769 1748)
4(697 1768 1769 698)
4(678 699 1770 1749)
4(698 1769 1770 699)
4(679 700 1771 1750)
4(699 1770 1771 700)
4(680 701 1772 1751)
4(700 1771 1772 701)
4(681 702 1773 1752)
4(701 1772 1773 702)
4(682 703 1774 1753)
4(702 1773 1774 703)
4(683 704 1775 1754)
4(703 1774 1775 704)
4(684 705 1776 1755)
4(704 1775 1776 705)
4(685 706 1777 1756)
4(705 1776 1777 706)
4(686 707 1778 1757)
4(706 1777 1778 707)
4(687 708 1779 1758)
4(707 1778 1779 708)
4(688 709 1780 1759)
4(708 1779 1780 709)
4(689 710 1781 1760)
4(709 1780 1781 710)
4(690 711 1782 1761)
4(710 1781 1782 711)
4(691 712 1783 1762)
4(711 1782 1783 712)
4(712 1783 1784 713)
4(694 715 1786 1765)
4(714 1785 1786 715)
4(695 716 1787 1766)
4(715 1786 1787 716)
4(696 717 1788 1767)
4(716 1787 1788 717)
4(697 718 1789 1768)
4(717 1788 1789 718)
4(698 719 1790 1769)
4(718 1789 1790 719)
4(699 720 1791 1770)
4(719 1790 1791 720)
4(700 721 1792 1771)
4(720 1791 1792 721)
4(701 722 1793 1772)
4(721 1792 1793 722)
4(702 723 1794 1773)
4(722 1793 1794 723)
4(703 724 1795 1774)
4(723 1794 1795 724)
4(704 725 1796 1775)
4(724 1795 1796 725)
4(705 726 1797 1776)
4(725 1796 1797 726)
4(706 727 1798 1777)
4(726 1797 1798 727)
4(707 728 1799 1778)
4(727 1798 1799 728)
4(708 729 1800 1779)
4(728 1799 1800 729)
4(709 730 1801 1780)
4(729 1800 1801 730)
4(710 731 1802 1781)
4(730 1801 1802 731)
4(711 732 1803 1782)
4(731 1802 1803 732)
4(712 733 1804 1783)
4(732 1803 1804 733)
4(733 1804 1805 734)
4(715 736 1807 1786)
4(735 1806 1807 736)
4(716 737 1808 1787)
4(736 1807 1808 737)
4(717 738 1809 1788)
4(737 1808 1809 738)
4(718 739 1810 1789)
4(738 1809 1810 739)
4(719 740 1811 1790)
4(739 1810 1811 740)
4(720 741 1812 1791)
4(740 1811 1812 741)
4(721 742 1813 1792)
4(741 1812 1813 742)
4(722 743 1814 1793)
4(742 1813 1814 743)
4(723 744 1815 1794)
4(743 1814 1815 744)
4(724 745 1816 1795)
4(744 1815 1816 745)
4(725 746 1817 1796)
4(745 1816 1817 746)
4(726 747 1818 1797)
4(746 1817 1818 747)
4(727 748 1819 1798)
4(747 1818 1819 748)
4(728 749 1820 1799)
4(748 1819 1820 749)
4(729 750 1821 1800)
4(749 1820 1821 750)
4(730 751 1822 1801)
4(750 1821 1822 751)
4(731 752 1823 1802)
4(751 1822 1823 752)
4(732 753 1824 1803)
4(752 1823 1824 753)
4(733 754 1825 1804)
4(753 1824 1825 754)
4(754 1825 1826 755)
4(736 757 1828 1807)
4(756 1827 1828 757)
4(737 758 1829 1808)
4(757 1828 1829 758)
4(738 759 1830 1809)
4(758 1829 1830 759)
4(739 760 1831 1810)
4(759 1830 1831 760)
4(740 761 1832 1811)
4(760 1831 1832 761)
4(741 762 1833 1812)
4(761 1832 1833 762)
4(742 763 1834 1813)
4(762 1833 1834 763)
4(743 764 1835 1814)
4(763 1834 1835 764)
4(744 765 1836 1815)
4(764 1835 1836 765)
4(745 766 1837 1816)
4(765 1836 1837 766)
4(746 767 1838 1817)
4(766 1837 1838 767)
4(747 768 1839 1818)
4(767 1838 1839 768)
4(748 769 1840 1819)
4(768 1839 1840 769)
4(749 770 1841 1820)
4(769 1840 1841 770)
4(750 771 1842 1821)
4(770 1841 1842 771)
4(751 772 1843 1822)
4(771 1842 1843 772)
4(752 773 1844 1823)
4(772 1843 1844 773)
4(753 774 1845 1824)
4(773 1844 1845 774)
4(754 775 1846 1825)
4(774 1845 1846 775)
4(775 1846 1847 776)
4(757 778 1849 1828)
4(777 1848 1849 778)
4(758 779 1850 1829)
4(778 1849 1850 779)
4(759 780 1851 1830)
4(779 1850 1851 780)
4(760 781 1852 1831)
4(780 1851 1852 781)
4(761 782 1853 1832)
4(781 1852 1853 782)
4(762 783 1854 1833)
4(782 1853 1854 783)
4(763 784 1855 1834)
4(783 1854 1855 784)
4(764 785 1856 1835)
4(784 1855 1856 785)
4(765 786 1857 1836)
4(785 1856 1857 786)
4(766 787 1858 1837)
4(786 1857 1858 787)
4(767 788 1859 1838)
4(787 1858 1859 788)
4(768 789 1860 1839)
4(788 1859 1860 789)
4(769 790 1861 1840)
4(789 1860 1861 790)
4(770 791 1862 1841)
4(790 1861 1862 791)
4(771 792 1863 1842)
4(791 1862 1863 792)
4(772 793 1864 1843)
4(792 1863 1864 793)
4(773 794 1865 1844)
4(793 1864 1865 794)
4(774 795 1866 1845)
4(794 1865 1866 795)
4(775 796 1867 1846)
4(795 1866 1867 796)
4(796 1867 1868 797)
4(778 799 1870 1849)
4(798 1869 1870 799)
4(779 800 1871 1850)
4(799 1870 1871 800)
4(780 801 1872 1851)
4(800 1871 1872 801)
4(781 802 1873 1852)
4(801 1872 1873 802)
4(782 803 1874 1853)
4(802 1873 1874 803)
4(783 804 1875 1854)
4(803 1874 1875 804)
4(784 805 1876 1855)
4(804 1875 1876 805)
4(785 806 1877 1856)
4(805 1876 1877 806)
4(786 807 1878 1857)
4(806 1877 1878 807)
4(787 808 1879 1858)
4(807 1878 1879 808)
4(788 809 1880 1859)
4(808 1879 1880 809)
4(789 810 1881 1860)
4(809 1880 1881 810)
4(790 811 1882 1861)
4(810 1881 1882 811)
4(791 812 1883 1862)
4(811 1882 1883 812)
4(792 813 1884 1863)
4(812 1883 1884 813)
4(793 814 1885 1864)
4(813 1884 1885 814)
4(794 815 1886 1865)
4(814 1885 1886 815)
4(795 816 1887 1866)
4(815 1886 1887 816)
4(796 817 1888 1867)
4(816 1887 1888 817)
4(817 1888 1889 818)
4(799 820 1891 1870)
4(819 1890 1891 820)
4(800 821 1892 1871)
4(820 1891 1892 821)
4(801 822 1893 1872)
4(821 1892 1893 822)
4(802 823 1894 1873)
4(822 1893 1894 823)
4(803 824 1895 1874)
4(823 1894 1895 824)
4(804 825 1896 1875)
4(824 1895 1896 825)
4(805 826 1897 1876)
4(825 1896 1897 826)
4(806 827 1898 1877)
4(826 1897 1898 827)
4(807 828 1899 1878)
4(827 1898 1899 828)
4(808 829 1900 1879)
4(828 1899 1900 829)
4(809 830 1901 1880)
4(829 1900 1901 830)
4(810 831 1902 1881)
4(830 1901 1902 831)
4(811 832 1903 1882)
4(831 1902 1903 832)
4(812 833 1904 1883)
4(832 1903 1904 833)
4(813 834 1905 1884)
4(833 1904 1905 834)
4(814 835 1906 1885)
4(834 1905 1906 835)
4(815 836 1907 1886)
4(835 1906 1907 836)
4(816 837 1908 1887)
4(836 1907 1908 837)
4(817 838 1909 1888)
4(837 1908 1909 838)
4(838 1909 1910 839)
4(820 841 1912 1891)
4(840 1911 1912 841)
4(821 842 1913 1892)
4(841 1912 1913 842)
4(822 843 1914 1893)
4(842 1913 1914 843)
4(823 844 1915 1894)
4(843 1914 1915 844)
4(824 845 1916 1895)
4(844 1915 1916 845)
4(825 846 1917 1896)
4(845 1916 1917 846)
4(826 847 1918 1897)
4(846 1917 1918 847)
4(827 848 1919 1898)
4(847 1918 1919 848)
4(828 849 1920 1899)
4(848 1919 1920 849)
4(829 850 1921 1900)
4(849 1920 1921 850)
4(830 851 1922 1901)
4(850 1921 1922 851)
4(831 852 1923 1902)
4(851 1922 1923 852)
4(832 853 1924 1903)
4(852 1923 1924 853)
4(833 854 1925 1904)
4(853 1924 1925 854)
4(834 855 1926 1905)
4(854 1925 1926 855)
4(835 856 1927 1906)
4(855 1926 1927 856)
4(836 857 1928 1907)
4(856 1927 1928 857)
4(837 858 1929 1908)
4(857 1928 1929 858)
4(838 859 1930 1909)
4(858 1929 1930 859)
4(859 1930 1931 860)
4(841 862 1933 1912)
4(861 1932 1933 862)
4(842 863 1934 1913)
4(862 1933 1934 863)
4(843 864 1935 1914)
4(863 1934 1935 864)
4(844 865 1936 1915)
4(864 1935 1936 865)
4(845 866 1937 1916)
4(865 1936 1937 866)
4(846 867 1938 1917)
4(866 1937 1938 867)
4(847 868 1939 1918)
4(867 1938 1939 868)
4(848 869 1940 1919)
4(868 1939 1940 869)
4(849 870 1941 1920)
4(869 1940 1941 870)
4(850 871 1942 1921)
4(870 1941 1942 871)
4(851 872 1943 1922)
4(871 1942 1943 872)
4(852 873 1944 1923)
4(872 1943 1944 873)
4(853 874 1945 1924)
4(873 1944 1945 874)
4(854 875 1946 1925)
4(874 1945 1946 875)
4(855 876 1947 1926)
4(875 1946 1947 876)
4(856 877 1948 1927)
4(876 1947 1948 877)
4(857 878 1949 1928)
4(877 1948 1949 878)
4(858 879 1950 1929)
4(878 1949 1950 879)
4(859 880 1951 1930)
4(879 1950 1951 880)
4(880 1951 1952 881)
4(862 883 1954 1933)
4(882 1953 1954 883)
4(863 884 1955 1934)
4(883 1954 1955 884)
4(864 885 1956 1935)
4(884 1955 1956 885)
4(865 886 1957 1936)
4(885 1956 1957 886)
4(866 887 1958 1937)
4(886 1957 1958 887)
4(867 888 1959 1938)
4(887 1958 1959 888)
4(868 889 1960 1939)
4(888 1959 1960 889)
4(869 890 1961 1940)
4(889 1960 1961 890)
4(870 891 1962 1941)
4(890 1961 1962 891)
4(871 892 1963 1942)
4(891 1962 1963 892)
4(872 893 1964 1943)
4(892 1963 1964 893)
4(873 894 1965 1944)
4(893 1964 1965 894)
4(874 895 1966 1945)
4(894 1965 1966 895)
4(875 896 1967 1946)
4(895 1966 1967 896)
4(876 897 1968 1947)
4(896 1967 1968 897)
4(877 898 1969 1948)
4(897 1968 1969 898)
4(878 899 1970 1949)
4(898 1969 1970 899)
4(879 900 1971 1950)
4(899 1970 1971 900)
4(880 901 1972 1951)
4(900 1971 1972 901)
4(901 1972 1973 902)
4(883 904 1975 1954)
4(903 1974 1975 904)
4(884 905 1976 1955)
4(904 1975 1976 905)
4(885 906 1977 1956)
4(905 1976 1977 906)
4(886 907 1978 1957)
4(906 1977 1978 907)
4(887 908 1979 1958)
4(907 1978 1979 908)
4(888 909 1980 1959)
4(908 1979 1980 909)
4(889 910 1981 1960)
4(909 1980 1981 910)
4(890 911 1982 1961)
4(910 1981 1982 911)
4(891 912 1983 1962)
4(911 1982 1983 912)
4(892 913 1984 1963)
4(912 1983 1984 913)
4(893 914 1985 1964)
4(913 1984 1985 914)
4(894 915 1986 1965)
4(914 1985 1986 915)
4(895 916 1987 1966)
4(915 1986 1987 916)
4(896 917 1988 1967)
4(916 1987 1988 917)
4(897 918 1989 1968)
4(917 1988 1989 918)
4(898 919 1990 1969)
4(918 1989 1990 919)
4(899 920 1991 1970)
4(919 1990 1991 920)
4(900 921 1992 1971)
4(920 1991 1992 921)
4(901 922 1993 1972)
4(921 1992 1993 922)
4(922 1993 1994 923)
4(904 925 1996 1975)
4(924 1995 1996 925)
4(905 926 1997 1976)
4(925 1996 1997 926)
4(906 927 1998 1977)
4(926 1997 1998 927)
4(907 928 1999 1978)
4(927 1998 1999 928)
4(908 929 2000 1979)
4(928 1999 2000 929)
4(909 930 2001 1980)
4(929 2000 2001 930)
4(910 931 2002 1981)
4(930 2001 2002 931)
4(911 932 2003 1982)
4(931 2002 2003 932)
4(912 933 2004 1983)
4(932 2003 2004 933)
4(913 934 2005 1984)
4(933 2004 2005 934)
4(914 935 2006 1985)
4(934 2005 2006 935)
4(915 936 2007 1986)
4(935 2006 2007 936)
4(916 937 2008 1987)
4(936 2007 2008 937)
4(917 938 2009 1988)
4(937 2008 2009 938)
4(918 939 2010 1989)
4(938 2009 2010 939)
4(919 940 2011 1990)
4(939 2010 2011 940)
4(920 941 2012 1991)
4(940 2011 2012 941)
4(921 942 2013 1992)
4(941 2012 2013 942)
4(922 943 2014 1993)
4(942 2013 2014 943)
4(943 2014 2015 944)
4(925 946 2017 1996)
4(945 2016 2017 946)
4(926 947 2018 1997)
4(946 2017 2018 947)
4(927 948 2019 1998)
4(947 2018 2019 948)
4(928 949 2020 1999)
4(948 2019 2020 949)
4(929 950 2021 2000)
4(949 2020 2021 950)
4(930 951 2022 2001)
4(950 2021 2022 951)
4(931 952 2023 2002)
4(951 2022 2023 952)
4(932 953 2024 2003)
4(952 2023 2024 953)
4(933 954 2025 2004)
4(953 2024 2025 954)
4(934 955 2026 2005)
4(954 2025 2026 955)
4(935 956 2027 2006)
4(955 2026 2027 956)
4(936 957 2028 2007)
4(956 2027 2028 957)
4(937 958 2029 2008)
4(957 2028 2029 958)
4(938 959 2030 2009)
4(958 2029 2030 959)
4(939 960 2031 2010)
4(959 2030 2031 960)
4(940 961 2032 2011)
4(960 2031 2032 961)
4(941 962 2033 2012)
4(961 2032 2033 962)
4(942 963 2034 2013)
4(962 2033 2034 963)
4(943 964 2035 2014)
4(963 2034 2035 964)
4(964 2035 2036 965)
4(946 967 2038 2017)
4(966 2037 2038 967)
4(947 968 2039 2018)
4(967 2038 2039 968)
4(948 969 2040 2019)
4(968 2039 2040 969)
4(949 970 2041 2020)
4(969 2040 2041 970)
4(950 971 2042 2021)
4(970 2041 2042 971)
4(951 972 2043 2022)
4(971 2042 2043 972)
4(952 973 2044 2023)
4(972 2043 2044 973)
4(953 974 2045 2024)
4(973 2044 2045 974)
4(954 975 2046 2025)
4(974 2045 2046 975)
4(955 976 2047 2026)
4(975 2046 2047 976)
4(956 977 2048 2027)
4(976 2047 2048 977)
4(957 978 2049 2028)
4(977 2048 2049 978)
4(958 979 2050 2029)
4(978 2049 2050 979)
4(959 980 2051 2030)
4(979 2050 2051 980)
4(960 981 2052 2031)
4(980 2051 2052 981)
4(961 982 2053 2032)
4(981 2052 2053 982)
4(962 983 2054 2033)
4(982 2053 2054 983)
4(963 984 2055 2034)
4(983 2054 2055 984)
4(964 985 2056 2035)
4(984 2055 2056 985)
4(985 2056 2057 986)
4(967 988 2059 2038)
4(987 2058 2059 988)
4(968 989 2060 2039)
4(988 2059 2060 989)
4(969 990 2061 2040)
4(989 2060 2061 990)
4(970 991 2062 2041)
4(990 2061 2062 991)
4(971 992 2063 2042)
4(991 2062 2063 992)
4(972 993 2064 2043)
4(992 2063 2064 993)
4(973 994 2065 2044)
4(993 2064 2065 994)
4(974 995 2066 2045)
4(994 2065 2066 995)
4(975 996 2067 2046)
4(995 2066 2067 996)
4(976 997 2068 2047)
4(996 2067 2068 997)
4(977 998 2069 2048)
4(997 2068 2069 998)
4(978 999 2070 2049)
4(998 2069 2070 999)
4(979 1000 2071 2050)
4(999 2070 2071 1000)
4(980 1001 2072 2051)
4(1000 2071 2072 1001)
4(981 1002 2073 2052)
4(1001 2072 2073 1002)
4(982 1003 2074 2053)
4(1002 2073 2074 1003)
4(983 1004 2075 2054)
4(1003 2074 2075 1004)
4(984 1005 2076 2055)
4(1004 2075 2076 1005)
4(985 1006 2077 2056)
4(1005 2076 2077 1006)
4(1006 2077 2078 1007)
4(988 1009 2080 2059)
4(1008 2079 2080 1009)
4(989 1010 2081 2060)
4(1009 2080 2081 1010)
4(990 1011 2082 2061)
4(1010 2081 2082 1011)
4(991 1012 2083 2062)
4(1011 2082 2083 1012)
4(992 1013 2084 2063)
4(1012 2083 2084 1013)
4(993 1014 2085 2064)
4(1013 2084 2085 1014)
4(994 1015 2086 2065)
4(1014 2085 2086 1015)
4(995 1016 2087 2066)
4(1015 2086 2087 1016)
4(996 1017 2088 2067)
4(1016 2087 2088 1017)
4(997 1018 2089 2068)
4(1017 2088 2089 1018)
4(998 1019 2090 2069)
4(1018 2089 2090 1019)
4(999 1020 2091 2070)
4(1019 2090 2091 1020)
4(1000 1021 2092 2071)
4(1020 2091 2092 1021)
4(1001 1022 2093 2072)
4(1021 2092 2093 1022)
4(1002 1023 2094 2073)
4(1022 2093 2094 1023)
4(1003 1024 2095 2074)
4(1023 2094 2095 1024)
4(1004 1025 2096 2075)
4(1024 2095 2096 1025)
4(1005 1026 2097 2076)
4(1025 2096 2097 1026)
4(1006 1027 2098 2077)
4(1026 2097 2098 1027)
4(1027 2098 2099 1028)
4(1009 1030 2101 2080)
4(1029 2100 2101 1030)
4(1010 1031 2102 2081)
4(1030 2101 2102 1031)
4(1011 1032 2103 2082)
4(1031 2102 2103 1032)
4(1012 1033 2104 2083)
4(1032 2103 2104 1033)
4(1013 1034 2105 2084)
4(1033 2104 2105 1034)
4(1014 1035 2106 2085)
4(1034 2105 2106 1035)
4(1015 1036 2107 2086)
4(1035 2106 2107 1036)
4(1016 1037 2108 2087)
4(1036 2107 2108 1037)
4(1017 1038 2109 2088)
4(1037 2108 2109 1038)
4(1018 1039 2110 2089)
4(1038 2109 2110 1039)
4(1019 1040 2111 2090)
4(1039 2110 2111 1040)
4(1020 1041 2112 2091)
4(1040 2111 2112 1041)
4(1021 1042 2113 2092)
4(1041 2112 2113 1042)
4(1022 1043 2114 2093)
4(1042 2113 2114 1043)
4(1023 1044 2115 2094)
4(1043 2114 2115 1044)
4(1024 1045 2116 2095)
4(1044 2115 2116 1045)
4(1025 1046 2117 2096)
4(1045 2116 2117 1046)
4(1026 1047 2118 2097)
4(1046 2117 2118 1047)
4(1027 1048 2119 2098)
4(1047 2118 2119 1048)
4(1048 2119 2120 1049)
4(1030 1051 2122 2101)
4(1031 1052 2123 2102)
4(1032 1053 2124 2103)
4(1033 1054 2125 2104)
4(1034 1055 2126 2105)
4(1035 1056 2127 2106)
4(1036 1057 2128 2107)
4(1037 1058 2129 2108)
4(1038 1059 2130 2109)
4(1039 1060 2131 2110)
4(1040 1061 2132 2111)
4(1041 1062 2133 2112)
4(1042 1063 2134 2113)
4(1043 1064 2135 2114)
4(1044 1065 2136 2115)
4(1045 1066 2137 2116)
4(1046 1067 2138 2117)
4(1047 1068 2139 2118)
4(1048 1069 2140 2119)
4(924 1995 2016 945)
4(924 903 1974 1995)
4(903 882 1953 1974)
4(882 861 1932 1953)
4(861 840 1911 1932)
4(840 819 1890 1911)
4(819 798 1869 1890)
4(798 777 1848 1869)
4(777 756 1827 1848)
4(756 735 1806 1827)
4(735 714 1785 1806)
4(714 693 1764 1785)
4(693 672 1743 1764)
4(672 651 1722 1743)
4(651 630 1701 1722)
4(630 609 1680 1701)
4(609 588 1659 1680)
4(588 567 1638 1659)
4(567 546 1617 1638)
4(546 525 1596 1617)
4(525 504 1575 1596)
4(504 483 1554 1575)
4(483 462 1533 1554)
4(462 441 1512 1533)
4(441 420 1491 1512)
4(420 399 1470 1491)
4(399 378 1449 1470)
4(378 357 1428 1449)
4(357 336 1407 1428)
4(336 315 1386 1407)
4(315 294 1365 1386)
4(294 273 1344 1365)
4(273 252 1323 1344)
4(252 231 1302 1323)
4(231 210 1281 1302)
4(210 189 1260 1281)
4(189 168 1239 1260)
4(168 147 1218 1239)
4(147 126 1197 1218)
4(126 105 1176 1197)
4(105 84 1155 1176)
4(84 63 1134 1155)
4(63 42 1113 1134)
4(42 21 1092 1113)
4(21 0 1071 1092)
4(2016 2037 966 945)
4(2037 2058 987 966)
4(2058 2079 1008 987)
4(2079 2100 1029 1008)
4(2100 2121 1050 1029)
4(944 965 2036 2015)
4(944 2015 1994 923)
4(923 1994 1973 902)
4(902 1973 1952 881)
4(881 1952 1931 860)
4(860 1931 1910 839)
4(839 1910 1889 818)
4(818 1889 1868 797)
4(797 1868 1847 776)
4(776 1847 1826 755)
4(755 1826 1805 734)
4(734 1805 1784 713)
4(713 1784 1763 692)
4(692 1763 1742 671)
4(671 1742 1721 650)
4(650 1721 1700 629)
4(629 1700 1679 608)
4(608 1679 1658 587)
4(587 1658 1637 566)
4(566 1637 1616 545)
4(545 1616 1595 524)
4(524 1595 1574 503)
4(503 1574 1553 482)
4(482 1553 1532 461)
4(461 1532 1511 440)
4(440 1511 1490 419)
4(419 1490 1469 398)
4(398 1469 1448 377)
4(377 1448 1427 356)
4(356 1427 1406 335)
4(335 1406 1385 314)
4(314 1385 1364 293)
4(293 1364 1343 272)
4(272 1343 1322 251)
4(251 1322 1301 230)
4(230 1301 1280 209)
4(209 1280 1259 188)
4(188 1259 1238 167)
4(167 1238 1217 146)
4(146 1217 1196 125)
4(125 1196 1175 104)
4(104 1175 1154 83)
4(83 1154 1133 62)
4(62 1133 1112 41)
4(41 1112 1091 20)
4(2036 965 986 2057)
4(2057 986 1007 2078)
4(2078 1007 1028 2099)
4(2099 1028 1049 2120)
4(2120 1049 1070 2141)
4(0 1 1072 1071)
4(1 2 1073 1072)
4(2 3 1074 1073)
4(3 4 1075 1074)
4(4 5 1076 1075)
4(5 6 1077 1076)
4(6 7 1078 1077)
4(7 8 1079 1078)
4(8 9 1080 1079)
4(9 10 1081 1080)
4(10 11 1082 1081)
4(11 12 1083 1082)
4(12 13 1084 1083)
4(13 14 1085 1084)
4(14 15 1086 1085)
4(15 16 1087 1086)
4(16 17 1088 1087)
4(17 18 1089 1088)
4(18 19 1090 1089)
4(19 20 1091 1090)
4(1050 2121 2122 1051)
4(1051 2122 2123 1052)
4(1052 2123 2124 1053)
4(1053 2124 2125 1054)
4(1054 2125 2126 1055)
4(1055 2126 2127 1056)
4(1056 2127 2128 1057)
4(1057 2128 2129 1058)
4(1058 2129 2130 1059)
4(1059 2130 2131 1060)
4(1060 2131 2132 1061)
4(1061 2132 2133 1062)
4(1062 2133 2134 1063)
4(1063 2134 2135 1064)
4(1064 2135 2136 1065)
4(1065 2136 2137 1066)
4(1066 2137 2138 1067)
4(1067 2138 2139 1068)
4(1068 2139 2140 1069)
4(1069 2140 2141 1070)
4(951 972 973 952)
4(951 950 971 972)
4(951 930 929 950)
4(951 952 931 930)
4(952 953 932 931)
4(952 973 974 953)
4(973 994 995 974)
4(973 972 993 994)
4(972 971 992 993)
4(971 970 991 992)
4(971 950 949 970)
4(950 929 928 949)
4(929 908 907 928)
4(929 930 909 908)
4(930 931 910 909)
4(931 932 911 910)
4(932 933 912 911)
4(932 953 954 933)
4(953 974 975 954)
4(974 995 996 975)
4(995 1016 1017 996)
4(995 994 1015 1016)
4(994 993 1014 1015)
4(993 992 1013 1014)
4(992 991 1012 1013)
4(991 990 1011 1012)
4(991 970 969 990)
4(970 949 948 969)
4(949 928 927 948)
4(928 907 906 927)
4(907 886 885 906)
4(907 908 887 886)
4(908 909 888 887)
4(909 910 889 888)
4(910 911 890 889)
4(911 912 891 890)
4(912 913 892 891)
4(912 933 934 913)
4(933 954 955 934)
4(954 975 976 955)
4(975 996 997 976)
4(996 1017 1018 997)
4(1017 1038 1039 1018)
4(1017 1016 1037 1038)
4(1016 1015 1036 1037)
4(1015 1014 1035 1036)
4(1014 1013 1034 1035)
4(1013 1012 1033 1034)
4(1012 1011 1032 1033)
4(1011 1010 1031 1032)
4(1011 990 989 1010)
4(990 969 968 989)
4(969 948 947 968)
4(948 927 926 947)
4(927 906 905 926)
4(906 885 884 905)
4(885 864 863 884)
4(885 886 865 864)
4(886 887 866 865)
4(887 888 867 866)
4(888 889 868 867)
4(889 890 869 868)
4(890 891 870 869)
4(891 892 871 870)
4(892 893 872 871)
4(892 913 914 893)
4(913 934 935 914)
4(934 955 956 935)
4(955 976 977 956)
4(976 997 998 977)
4(997 1018 1019 998)
4(1018 1039 1040 1019)
4(1039 1060 1061 1040)
4(1039 1038 1059 1060)
4(1038 1037 1058 1059)
4(1037 1036 1057 1058)
4(1036 1035 1056 1057)
4(1035 1034 1055 1056)
4(1034 1033 1054 1055)
4(1033 1032 1053 1054)
4(1032 1031 1052 1053)
4(1031 1030 1051 1052)
4(1031 1010 1009 1030)
4(1010 989 988 1009)
4(989 968 967 988)
4(968 947 946 967)
4(947 926 925 946)
4(926 905 904 925)
4(905 884 883 904)
4(884 863 862 883)
4(863 842 841 862)
4(863 864 843 842)
4(864 865 844 843)
4(865 866 845 844)
4(866 867 846 845)
4(867 868 847 846)
4(868 869 848 847)
4(869 870 849 848)
4(870 871 850 849)
4(871 872 851 850)
4(872 873 852 851)
4(872 893 894 873)
4(893 914 915 894)
4(914 935 936 915)
4(935 956 957 936)
4(956 977 978 957)
4(977 998 999 978)
4(998 1019 1020 999)
4(1019 1040 1041 1020)
4(1040 1061 1062 1041)
4(1062 1063 1042 1041)
4(1063 1064 1043 1042)
4(1064 1065 1044 1043)
4(1065 1066 1045 1044)
4(1066 1067 1046 1045)
4(1067 1068 1047 1046)
4(1068 1069 1048 1047)
4(1069 1070 1049 1048)
4(1049 1028 1027 1048)
4(1028 1007 1006 1027)
4(1007 986 985 1006)
4(986 965 964 985)
4(965 944 943 964)
4(944 923 922 943)
4(923 902 901 922)
4(902 881 880 901)
4(881 860 859 880)
4(860 839 838 859)
4(839 818 817 838)
4(818 797 796 817)
4(797 776 775 796)
4(776 755 754 775)
4(755 734 733 754)
4(734 713 712 733)
4(713 692 691 712)
4(692 671 670 691)
4(671 650 649 670)
4(650 629 628 649)
4(629 608 607 628)
4(608 587 586 607)
4(587 566 565 586)
4(566 545 544 565)
4(545 524 523 544)
4(524 503 502 523)
4(503 482 481 502)
4(482 461 460 481)
4(461 440 439 460)
4(440 419 418 439)
4(419 398 397 418)
4(398 377 376 397)
4(377 356 355 376)
4(356 335 334 355)
4(335 314 313 334)
4(314 293 292 313)
4(293 272 271 292)
4(272 251 250 271)
4(251 230 229 250)
4(230 209 208 229)
4(209 188 187 208)
4(188 167 166 187)
4(167 146 145 166)
4(146 125 124 145)
4(125 104 103 124)
4(104 83 82 103)
4(83 62 61 82)
4(62 41 40 61)
4(41 20 19 40)
4(19 18 39 40)
4(18 17 38 39)
4(17 16 37 38)
4(16 15 36 37)
4(15 14 35 36)
4(14 13 34 35)
4(13 12 33 34)
4(12 11 32 33)
4(11 10 31 32)
4(10 9 30 31)
4(9 8 29 30)
4(8 7 28 29)
4(7 6 27 28)
4(6 5 26 27)
4(5 4 25 26)
4(4 3 24 25)
4(3 2 23 24)
4(2 1 22 23)
4(1 0 21 22)
4(21 42 43 22)
4(42 63 64 43)
4(63 84 85 64)
4(84 105 106 85)
4(105 126 127 106)
4(126 147 148 127)
4(147 168 169 148)
4(168 189 190 169)
4(189 210 211 190)
4(210 231 232 211)
4(231 252 253 232)
4(252 273 274 253)
4(273 294 295 274)
4(294 315 316 295)
4(315 336 337 316)
4(336 357 358 337)
4(357 378 379 358)
4(378 399 400 379)
4(399 420 421 400)
4(420 441 442 421)
4(441 462 463 442)
4(462 483 484 463)
4(483 504 505 484)
4(504 525 526 505)
4(525 546 547 526)
4(546 567 568 547)
4(567 588 589 568)
4(588 609 610 589)
4(609 630 631 610)
4(630 651 652 631)
4(651 672 673 652)
4(672 693 694 673)
4(693 714 715 694)
4(714 735 736 715)
4(735 756 757 736)
4(756 777 778 757)
4(777 798 799 778)
4(798 819 820 799)
4(819 840 841 820)
4(840 861 862 841)
4(861 882 883 862)
4(882 903 904 883)
4(903 924 925 904)
4(924 945 946 925)
4(945 966 967 946)
4(966 987 988 967)
4(987 1008 1009 988)
4(1008 1029 1030 1009)
4(1029 1050 1051 1030)
4(841 842 821 820)
4(842 843 822 821)
4(843 844 823 822)
4(844 845 824 823)
4(845 846 825 824)
4(846 847 826 825)
4(847 848 827 826)
4(848 849 828 827)
4(849 850 829 828)
4(850 851 830 829)
4(851 852 831 830)
4(852 853 832 831)
4(852 873 874 853)
4(873 894 895 874)
4(894 915 916 895)
4(915 936 937 916)
4(936 957 958 937)
4(957 978 979 958)
4(978 999 1000 979)
4(999 1020 1021 1000)
4(1020 1041 1042 1021)
4(1042 1043 1022 1021)
4(1043 1044 1023 1022)
4(1044 1045 1024 1023)
4(1045 1046 1025 1024)
4(1046 1047 1026 1025)
4(1047 1048 1027 1026)
4(1027 1006 1005 1026)
4(1006 985 984 1005)
4(985 964 963 984)
4(964 943 942 963)
4(943 922 921 942)
4(922 901 900 921)
4(901 880 879 900)
4(880 859 858 879)
4(859 838 837 858)
4(838 817 816 837)
4(817 796 795 816)
4(796 775 774 795)
4(775 754 753 774)
4(754 733 732 753)
4(733 712 711 732)
4(712 691 690 711)
4(691 670 669 690)
4(670 649 648 669)
4(649 628 627 648)
4(628 607 606 627)
4(607 586 585 606)
4(586 565 564 585)
4(565 544 543 564)
4(544 523 522 543)
4(523 502 501 522)
4(502 481 480 501)
4(481 460 459 480)
4(460 439 438 459)
4(439 418 417 438)
4(418 397 396 417)
4(397 376 375 396)
4(376 355 354 375)
4(355 334 333 354)
4(334 313 312 333)
4(313 292 291 312)
4(292 271 270 291)
4(271 250 249 270)
4(250 229 228 249)
4(229 208 207 228)
4(208 187 186 207)
4(187 166 165 186)
4(166 145 144 165)
4(145 124 123 144)
4(124 103 102 123)
4(103 82 81 102)
4(82 61 60 81)
4(61 40 39 60)
4(39 38 59 60)
4(38 37 58 59)
4(37 36 57 58)
4(36 35 56 57)
4(35 34 55 56)
4(34 33 54 55)
4(33 32 53 54)
4(32 31 52 53)
4(31 30 51 52)
4(30 29 50 51)
4(29 28 49 50)
4(28 27 48 49)
4(27 26 47 48)
4(26 25 46 47)
4(25 24 45 46)
4(24 23 44 45)
4(23 22 43 44)
4(43 64 65 44)
4(64 85 86 65)
4(85 106 107 86)
4(106 127 128 107)
4(127 148 149 128)
4(148 169 170 149)
4(169 190 191 170)
4(190 211 212 191)
4(211 232 233 212)
4(232 253 254 233)
4(253 274 275 254)
4(274 295 296 275)
4(295 316 317 296)
4(316 337 338 317)
4(337 358 359 338)
4(358 379 380 359)
4(379 400 401 380)
4(400 421 422 401)
4(421 442 443 422)
4(442 463 464 443)
4(463 484 485 464)
4(484 505 506 485)
4(505 526 527 506)
4(526 547 548 527)
4(547 568 569 548)
4(568 589 590 569)
4(589 610 611 590)
4(610 631 632 611)
4(631 652 653 632)
4(652 673 674 653)
4(673 694 695 674)
4(694 715 716 695)
4(715 736 737 716)
4(736 757 758 737)
4(757 778 779 758)
4(778 799 800 779)
4(799 820 821 800)
4(821 822 801 800)
4(822 823 802 801)
4(823 824 803 802)
4(824 825 804 803)
4(825 826 805 804)
4(826 827 806 805)
4(827 828 807 806)
4(828 829 808 807)
4(829 830 809 808)
4(830 831 810 809)
4(831 832 811 810)
4(832 833 812 811)
4(832 853 854 833)
4(853 874 875 854)
4(874 895 896 875)
4(895 916 917 896)
4(916 937 938 917)
4(937 958 959 938)
4(958 979 980 959)
4(979 1000 1001 980)
4(1000 1021 1022 1001)
4(1022 1023 1002 1001)
4(1023 1024 1003 1002)
4(1024 1025 1004 1003)
4(1025 1026 1005 1004)
4(1005 984 983 1004)
4(984 963 962 983)
4(963 942 941 962)
4(942 921 920 941)
4(921 900 899 920)
4(900 879 878 899)
4(879 858 857 878)
4(858 837 836 857)
4(837 816 815 836)
4(816 795 794 815)
4(795 774 773 794)
4(774 753 752 773)
4(753 732 731 752)
4(732 711 710 731)
4(711 690 689 710)
4(690 669 668 689)
4(669 648 647 668)
4(648 627 626 647)
4(627 606 605 626)
4(606 585 584 605)
4(585 564 563 584)
4(564 543 542 563)
4(543 522 521 542)
4(522 501 500 521)
4(501 480 479 500)
4(480 459 458 479)
4(459 438 437 458)
4(438 417 416 437)
4(417 396 395 416)
4(396 375 374 395)
4(375 354 353 374)
4(354 333 332 353)
4(333 312 311 332)
4(312 291 290 311)
4(291 270 269 290)
4(270 249 248 269)
4(249 228 227 248)
4(228 207 206 227)
4(207 186 185 206)
4(186 165 164 185)
4(165 144 143 164)
4(144 123 122 143)
4(123 102 101 122)
4(102 81 80 101)
4(81 60 59 80)
4(59 58 79 80)
4(58 57 78 79)
4(57 56 77 78)
4(56 55 76 77)
4(55 54 75 76)
4(54 53 74 75)
4(53 52 73 74)
4(52 51 72 73)
4(51 50 71 72)
4(50 49 70 71)
4(49 48 69 70)
4(48 47 68 69)
4(47 46 67 68)
4(46 45 66 67)
4(45 44 65 66)
4(65 86 87 66)
4(86 107 108 87)
4(107 128 129 108)
4(128 149 150 129)
4(149 170 171 150)
4(170 191 192 171)
4(191 212 213 192)
4(212 233 234 213)
4(233 254 255 234)
4(254 275 276 255)
4(275 296 297 276)
4(296 317 318 297)
4(317 338 339 318)
4(338 359 360 339)
4(359 380 381 360)
4(380 401 402 381)
4(401 422 423 402)
4(422 443 444 423)
4(443 464 465 444)
4(464 485 486 465)
4(485 506 507 486)
4(506 527 528 507)
4(527 548 549 528)
4(548 569 570 549)
4(569 590 591 570)
4(590 611 612 591)
4(611 632 633 612)
4(632 653 654 633)
4(653 674 675 654)
4(674 695 696 675)
4(695 716 717 696)
4(716 737 738 717)
4(737 758 759 738)
4(758 779 780 759)
4(779 800 801 780)
4(801 802 781 780)
4(802 803 782 781)
4(803 804 783 782)
4(804 805 784 783)
4(805 806 785 784)
4(806 807 786 785)
4(807 808 787 786)
4(808 809 788 787)
4(809 810 789 788)
4(810 811 790 789)
4(811 812 791 790)
4(812 813 792 791)
4(812 833 834 813)
4(833 854 855 834)
4(854 875 876 855)
4(875 896 897 876)
4(896 917 918 897)
4(917 938 939 918)
4(938 959 960 939)
4(959 980 981 960)
4(980 1001 1002 981)
4(1002 1003 982 981)
4(1003 1004 983 982)
4(983 962 961 982)
4(962 941 940 961)
4(941 920 919 940)
4(920 899 898 919)
4(899 878 877 898)
4(878 857 856 877)
4(857 836 835 856)
4(836 815 814 835)
4(815 794 793 814)
4(794 773 772 793)
4(773 752 751 772)
4(752 731 730 751)
4(731 710 709 730)
4(710 689 688 709)
4(689 668 667 688)
4(668 647 646 667)
4(647 626 625 646)
4(626 605 604 625)
4(605 584 583 604)
4(584 563 562 583)
4(563 542 541 562)
4(542 521 520 541)
4(521 500 499 520)
4(500 479 478 499)
4(479 458 457 478)
4(458 437 436 457)
4(437 416 415 436)
4(416 395 394 415)
4(395 374 373 394)
4(374 353 352 373)
4(353 332 331 352)
4(332 311 310 331)
4(311 290 289 310)
4(290 269 268 289)
4(269 248 247 268)
4(248 227 226 247)
4(227 206 205 226)
4(206 185 184 205)
4(185 164 163 184)
4(164 143 142 163)
4(143 122 121 142)
4(122 101 100 121)
4(101 80 79 100)
4(79 78 99 100)
4(78 77 98 99)
4(77 76 97 98)
4(76 75 96 97)
4(75 74 95 96)
4(74 73 94 95)
4(73 72 93 94)
4(72 71 92 93)
4(71 70 91 92)
4(70 69 90 91)
4(69 68 89 90)
4(68 67 88 89)
4(67 66 87 88)
4(87 108 109 88)
4(108 129 130 109)
4(129 150 151 130)
4(150 171 172 151)
4(171 192 193 172)
4(192 213 214 193)
4(213 234 235 214)
4(234 255 256 235)
4(255 276 277 256)
4(276 297 298 277)
4(297 318 319 298)
4(318 339 340 319)
4(339 360 361 340)
4(360 381 382 361)
4(381 402 403 382)
4(402 423 424 403)
4(423 444 445 424)
4(444 465 466 445)
4(465 486 487 466)
4(486 507 508 487)
4(507 528 529 508)
4(528 549 550 529)
4(549 570 571 550)
4(570 591 592 571)
4(591 612 613 592)
4(612 633 634 613)
4(633 654 655 634)
4(654 675 676 655)
4(675 696 697 676)
4(696 717 718 697)
4(717 738 739 718)
4(738 759 760 739)
4(759 780 781 760)
4(781 782 761 760)
4(782 783 762 761)
4(783 784 763 762)
4(784 785 764 763)
4(785 786 765 764)
4(786 787 766 765)
4(787 788 767 766)
4(788 789 768 767)
4(789 790 769 768)
4(790 791 770 769)
4(791 792 771 770)
4(792 793 772 771)
4(792 813 814 793)
4(813 834 835 814)
4(834 855 856 835)
4(855 876 877 856)
4(876 897 898 877)
4(897 918 919 898)
4(918 939 940 919)
4(939 960 961 940)
4(960 981 982 961)
4(772 751 750 771)
4(751 730 729 750)
4(730 709 708 729)
4(709 688 687 708)
4(688 667 666 687)
4(667 646 645 666)
4(646 625 624 645)
4(625 604 603 624)
4(604 583 582 603)
4(583 562 561 582)
4(562 541 540 561)
4(541 520 519 540)
4(520 499 498 519)
4(499 478 477 498)
4(478 457 456 477)
4(457 436 435 456)
4(436 415 414 435)
4(415 394 393 414)
4(394 373 372 393)
4(373 352 351 372)
4(352 331 330 351)
4(331 310 309 330)
4(310 289 288 309)
4(289 268 267 288)
4(268 247 246 267)
4(247 226 225 246)
4(226 205 204 225)
4(205 184 183 204)
4(184 163 162 183)
4(163 142 141 162)
4(142 121 120 141)
4(121 100 99 120)
4(99 98 119 120)
4(98 97 118 119)
4(97 96 117 118)
4(96 95 116 117)
4(95 94 115 116)
4(94 93 114 115)
4(93 92 113 114)
4(92 91 112 113)
4(91 90 111 112)
4(90 89 110 111)
4(89 88 109 110)
4(109 130 131 110)
4(130 151 152 131)
4(151 172 173 152)
4(172 193 194 173)
4(193 214 215 194)
4(214 235 236 215)
4(235 256 257 236)
4(256 277 278 257)
4(277 298 299 278)
4(298 319 320 299)
4(319 340 341 320)
4(340 361 362 341)
4(361 382 383 362)
4(382 403 404 383)
4(403 424 425 404)
4(424 445 446 425)
4(445 466 467 446)
4(466 487 488 467)
4(487 508 509 488)
4(508 529 530 509)
4(529 550 551 530)
4(550 571 572 551)
4(571 592 593 572)
4(592 613 614 593)
4(613 634 635 614)
4(634 655 656 635)
4(655 676 677 656)
4(676 697 698 677)
4(697 718 719 698)
4(718 739 740 719)
4(739 760 761 740)
4(761 762 741 740)
4(762 763 742 741)
4(763 764 743 742)
4(764 765 744 743)
4(765 766 745 744)
4(766 767 746 745)
4(767 768 747 746)
4(768 769 748 747)
4(769 770 749 748)
4(770 771 750 749)
4(750 729 728 749)
4(729 708 707 728)
4(708 687 686 707)
4(687 666 665 686)
4(666 645 644 665)
4(645 624 623 644)
4(624 603 602 623)
4(603 582 581 602)
4(582 561 560 581)
4(561 540 539 560)
4(540 519 518 539)
4(519 498 497 518)
4(498 477 476 497)
4(477 456 455 476)
4(456 435 434 455)
4(435 414 413 434)
4(414 393 392 413)
4(393 372 371 392)
4(372 351 350 371)
4(351 330 329 350)
4(330 309 308 329)
4(309 288 287 308)
4(288 267 266 287)
4(267 246 245 266)
4(246 225 224 245)
4(225 204 203 224)
4(204 183 182 203)
4(183 162 161 182)
4(162 141 140 161)
4(141 120 119 140)
4(119 118 139 140)
4(118 117 138 139)
4(117 116 137 138)
4(116 115 136 137)
4(115 114 135 136)
4(114 113 134 135)
4(113 112 133 134)
4(112 111 132 133)
4(111 110 131 132)
4(131 152 153 132)
4(152 173 174 153)
4(173 194 195 174)
4(194 215 216 195)
4(215 236 237 216)
4(236 257 258 237)
4(257 278 279 258)
4(278 299 300 279)
4(299 320 321 300)
4(320 341 342 321)
4(341 362 363 342)
4(362 383 384 363)
4(383 404 405 384)
4(404 425 426 405)
4(425 446 447 426)
4(446 467 468 447)
4(467 488 489 468)
4(488 509 510 489)
4(509 530 531 510)
4(530 551 552 531)
4(551 572 573 552)
4(572 593 594 573)
4(593 614 615 594)
4(614 635 636 615)
4(635 656 657 636)
4(656 677 678 657)
4(677 698 699 678)
4(698 719 720 699)
4(719 740 741 720)
4(741 742 721 720)
4(742 743 722 721)
4(743 744 723 722)
4(744 745 724 723)
4(745 746 725 724)
4(746 747 726 725)
4(747 748 727 726)
4(748 749 728 727)
4(728 707 706 727)
4(707 686 685 706)
4(686 665 664 685)
4(665 644 643 664)
4(644 623 622 643)
4(623 602 601 622)
4(602 581 580 601)
4(581 560 559 580)
4(560 539 538 559)
4(539 518 517 538)
4(518 497 496 517)
4(497 476 475 496)
4(476 455 454 475)
4(455 434 433 454)
4(434 413 412 433)
4(413 392 391 412)
4(392 371 370 391)
4(371 350 349 370)
4(350 329 328 349)
4(329 308 307 328)
4(308 287 286 307)
4(287 266 265 286)
4(266 245 244 265)
4(245 224 223 244)
4(224 203 202 223)
4(203 182 181 202)
4(182 161 160 181)
4(161 140 139 160)
4(139 138 159 160)
4(138 137 158 159)
4(137 136 157 158)
4(136 135 156 157)
4(135 134 155 156)
4(134 133 154 155)
4(133 132 153 154)
4(153 174 175 154)
4(174 195 196 175)
4(195 216 217 196)
4(216 237 238 217)
4(237 258 259 238)
4(258 279 280 259)
4(279 300 301 280)
4(300 321 322 301)
4(321 342 343 322)
4(342 363 364 343)
4(363 384 385 364)
4(384 405 406 385)
4(405 426 427 406)
4(426 447 448 427)
4(447 468 469 448)
4(468 489 490 469)
4(489 510 511 490)
4(510 531 532 511)
4(531 552 553 532)
4(552 573 574 553)
4(573 594 595 574)
4(594 615 616 595)
4(615 636 637 616)
4(636 657 658 637)
4(657 678 679 658)
4(678 699 700 679)
4(699 720 721 700)
4(721 722 701 700)
4(722 723 702 701)
4(723 724 703 702)
4(724 725 704 703)
4(725 726 705 704)
4(726 727 706 705)
4(706 685 684 705)
4(685 664 663 684)
4(664 643 642 663)
4(643 622 621 642)
4(622 601 600 621)
4(601 580 579 600)
4(580 559 558 579)
4(559 538 537 558)
4(538 517 516 537)
4(517 496 495 516)
4(496 475 474 495)
4(475 454 453 474)
4(454 433 432 453)
4(433 412 411 432)
4(412 391 390 411)
4(391 370 369 390)
4(370 349 348 369)
4(349 328 327 348)
4(328 307 306 327)
4(307 286 285 306)
4(286 265 264 285)
4(265 244 243 264)
4(244 223 222 243)
4(223 202 201 222)
4(202 181 180 201)
4(181 160 159 180)
4(159 158 179 180)
4(158 157 178 179)
4(157 156 177 178)
4(156 155 176 177)
4(155 154 175 176)
4(175 196 197 176)
4(196 217 218 197)
4(217 238 239 218)
4(238 259 260 239)
4(259 280 281 260)
4(280 301 302 281)
4(301 322 323 302)
4(322 343 344 323)
4(343 364 365 344)
4(364 385 386 365)
4(385 406 407 386)
4(406 427 428 407)
4(427 448 449 428)
4(448 469 470 449)
4(469 490 491 470)
4(490 511 512 491)
4(511 532 533 512)
4(532 553 554 533)
4(553 574 575 554)
4(574 595 596 575)
4(595 616 617 596)
4(616 637 638 617)
4(637 658 659 638)
4(658 679 680 659)
4(679 700 701 680)
4(701 702 681 680)
4(702 703 682 681)
4(703 704 683 682)
4(704 705 684 683)
4(684 663 662 683)
4(663 642 641 662)
4(642 621 620 641)
4(621 600 599 620)
4(600 579 578 599)
4(579 558 557 578)
4(558 537 536 557)
4(537 516 515 536)
4(516 495 494 515)
4(495 474 473 494)
4(474 453 452 473)
4(453 432 431 452)
4(432 411 410 431)
4(411 390 389 410)
4(390 369 368 389)
4(369 348 347 368)
4(348 327 326 347)
4(327 306 305 326)
4(306 285 284 305)
4(285 264 263 284)
4(264 243 242 263)
4(243 222 221 242)
4(222 201 200 221)
4(201 180 179 200)
4(179 178 199 200)
4(178 177 198 199)
4(177 176 197 198)
4(197 218 219 198)
4(218 239 240 219)
4(239 260 261 240)
4(260 281 282 261)
4(281 302 303 282)
4(302 323 324 303)
4(323 344 345 324)
4(344 365 366 345)
4(365 386 387 366)
4(386 407 408 387)
4(407 428 429 408)
4(428 449 450 429)
4(449 470 471 450)
4(470 491 492 471)
4(491 512 513 492)
4(512 533 534 513)
4(533 554 555 534)
4(554 575 576 555)
4(575 596 597 576)
4(596 617 618 597)
4(617 638 639 618)
4(638 659 660 639)
4(659 680 681 660)
4(681 682 661 660)
4(682 683 662 661)
4(662 641 640 661)
4(641 620 619 640)
4(620 599 598 619)
4(599 578 577 598)
4(578 557 556 577)
4(557 536 535 556)
4(536 515 514 535)
4(515 494 493 514)
4(494 473 472 493)
4(473 452 451 472)
4(452 431 430 451)
4(431 410 409 430)
4(410 389 388 409)
4(389 368 367 388)
4(368 347 346 367)
4(347 326 325 346)
4(326 305 304 325)
4(305 284 283 304)
4(284 263 262 283)
4(263 242 241 262)
4(242 221 220 241)
4(221 200 199 220)
4(199 198 219 220)
4(219 240 241 220)
4(240 261 262 241)
4(261 282 283 262)
4(282 303 304 283)
4(303 324 325 304)
4(324 345 346 325)
4(345 366 367 346)
4(366 387 388 367)
4(387 408 409 388)
4(408 429 430 409)
4(429 450 451 430)
4(450 471 472 451)
4(471 492 493 472)
4(492 513 514 493)
4(513 534 535 514)
4(534 555 556 535)
4(555 576 577 556)
4(576 597 598 577)
4(597 618 619 598)
4(618 639 640 619)
4(639 660 661 640)
4(2022 2023 2044 2043)
4(2022 2043 2042 2021)
4(2022 2021 2000 2001)
4(2022 2001 2002 2023)
4(2023 2002 2003 2024)
4(2023 2024 2045 2044)
4(2044 2045 2066 2065)
4(2044 2065 2064 2043)
4(2043 2064 2063 2042)
4(2042 2063 2062 2041)
4(2042 2041 2020 2021)
4(2021 2020 1999 2000)
4(2000 1999 1978 1979)
4(2000 1979 1980 2001)
4(2001 1980 1981 2002)
4(2002 1981 1982 2003)
4(2003 1982 1983 2004)
4(2003 2004 2025 2024)
4(2024 2025 2046 2045)
4(2045 2046 2067 2066)
4(2066 2067 2088 2087)
4(2066 2087 2086 2065)
4(2065 2086 2085 2064)
4(2064 2085 2084 2063)
4(2063 2084 2083 2062)
4(2062 2083 2082 2061)
4(2062 2061 2040 2041)
4(2041 2040 2019 2020)
4(2020 2019 1998 1999)
4(1999 1998 1977 1978)
4(1978 1977 1956 1957)
4(1978 1957 1958 1979)
4(1979 1958 1959 1980)
4(1980 1959 1960 1981)
4(1981 1960 1961 1982)
4(1982 1961 1962 1983)
4(1983 1962 1963 1984)
4(1983 1984 2005 2004)
4(2004 2005 2026 2025)
4(2025 2026 2047 2046)
4(2046 2047 2068 2067)
4(2067 2068 2089 2088)
4(2088 2089 2110 2109)
4(2088 2109 2108 2087)
4(2087 2108 2107 2086)
4(2086 2107 2106 2085)
4(2085 2106 2105 2084)
4(2084 2105 2104 2083)
4(2083 2104 2103 2082)
4(2082 2103 2102 2081)
4(2082 2081 2060 2061)
4(2061 2060 2039 2040)
4(2040 2039 2018 2019)
4(2019 2018 1997 1998)
4(1998 1997 1976 1977)
4(1977 1976 1955 1956)
4(1956 1955 1934 1935)
4(1956 1935 1936 1957)
4(1957 1936 1937 1958)
4(1958 1937 1938 1959)
4(1959 1938 1939 1960)
4(1960 1939 1940 1961)
4(1961 1940 1941 1962)
4(1962 1941 1942 1963)
4(1963 1942 1943 1964)
4(1963 1964 1985 1984)
4(1984 1985 2006 2005)
4(2005 2006 2027 2026)
4(2026 2027 2048 2047)
4(2047 2048 2069 2068)
4(2068 2069 2090 2089)
4(2089 2090 2111 2110)
4(2110 2111 2132 2131)
4(2110 2131 2130 2109)
4(2109 2130 2129 2108)
4(2108 2129 2128 2107)
4(2107 2128 2127 2106)
4(2106 2127 2126 2105)
4(2105 2126 2125 2104)
4(2104 2125 2124 2103)
4(2103 2124 2123 2102)
4(2102 2123 2122 2101)
4(2102 2101 2080 2081)
4(2081 2080 2059 2060)
4(2060 2059 2038 2039)
4(2039 2038 2017 2018)
4(2018 2017 1996 1997)
4(1997 1996 1975 1976)
4(1976 1975 1954 1955)
4(1955 1954 1933 1934)
4(1934 1933 1912 1913)
4(1934 1913 1914 1935)
4(1935 1914 1915 1936)
4(1936 1915 1916 1937)
4(1937 1916 1917 1938)
4(1938 1917 1918 1939)
4(1939 1918 1919 1940)
4(1940 1919 1920 1941)
4(1941 1920 1921 1942)
4(1942 1921 1922 1943)
4(1943 1922 1923 1944)
4(1943 1944 1965 1964)
4(1964 1965 1986 1985)
4(1985 1986 2007 2006)
4(2006 2007 2028 2027)
4(2027 2028 2049 2048)
4(2048 2049 2070 2069)
4(2069 2070 2091 2090)
4(2090 2091 2112 2111)
4(2111 2112 2133 2132)
4(2133 2112 2113 2134)
4(2134 2113 2114 2135)
4(2135 2114 2115 2136)
4(2136 2115 2116 2137)
4(2137 2116 2117 2138)
4(2138 2117 2118 2139)
4(2139 2118 2119 2140)
4(2140 2119 2120 2141)
4(2120 2119 2098 2099)
4(2099 2098 2077 2078)
4(2078 2077 2056 2057)
4(2057 2056 2035 2036)
4(2036 2035 2014 2015)
4(2015 2014 1993 1994)
4(1994 1993 1972 1973)
4(1973 1972 1951 1952)
4(1952 1951 1930 1931)
4(1931 1930 1909 1910)
4(1910 1909 1888 1889)
4(1889 1888 1867 1868)
4(1868 1867 1846 1847)
4(1847 1846 1825 1826)
4(1826 1825 1804 1805)
4(1805 1804 1783 1784)
4(1784 1783 1762 1763)
4(1763 1762 1741 1742)
4(1742 1741 1720 1721)
4(1721 1720 1699 1700)
4(1700 1699 1678 1679)
4(1679 1678 1657 1658)
4(1658 1657 1636 1637)
4(1637 1636 1615 1616)
4(1616 1615 1594 1595)
4(1595 1594 1573 1574)
4(1574 1573 1552 1553)
4(1553 1552 1531 1532)
4(1532 1531 1510 1511)
4(1511 1510 1489 1490)
4(1490 1489 1468 1469)
4(1469 1468 1447 1448)
4(1448 1447 1426 1427)
4(1427 1426 1405 1406)
4(1406 1405 1384 1385)
4(1385 1384 1363 1364)
4(1364 1363 1342 1343)
4(1343 1342 1321 1322)
4(1322 1321 1300 1301)
4(1301 1300 1279 1280)
4(1280 1279 1258 1259)
4(1259 1258 1237 1238)
4(1238 1237 1216 1217)
4(1217 1216 1195 1196)
4(1196 1195 1174 1175)
4(1175 1174 1153 1154)
4(1154 1153 1132 1133)
4(1133 1132 1111 1112)
4(1112 1111 1090 1091)
4(1090 1111 1110 1089)
4(1089 1110 1109 1088)
4(1088 1109 1108 1087)
4(1087 1108 1107 1086)
4(1086 1107 1106 1085)
4(1085 1106 1105 1084)
4(1084 1105 1104 1083)
4(1083 1104 1103 1082)
4(1082 1103 1102 1081)
4(1081 1102 1101 1080)
4(1080 1101 1100 1079)
4(1079 1100 1099 1078)
4(1078 1099 1098 1077)
4(1077 1098 1097 1076)
4(1076 1097 1096 1075)
4(1075 1096 1095 1074)
4(1074 1095 1094 1073)
4(1073 1094 1093 1072)
4(1072 1093 1092 1071)
4(1092 1093 1114 1113)
4(1113 1114 1135 1134)
4(1134 1135 1156 1155)
4(1155 1156 1177 1176)
4(1176 1177 1198 1197)
4(1197 1198 1219 1218)
4(1218 1219 1240 1239)
4(1239 1240 1261 1260)
4(1260 1261 1282 1281)
4(1281 1282 1303 1302)
4(1302 1303 1324 1323)
4(1323 1324 1345 1344)
4(1344 1345 1366 1365)
4(1365 1366 1387 1386)
4(1386 1387 1408 1407)
4(1407 1408 1429 1428)
4(1428 1429 1450 1449)
4(1449 1450 1471 1470)
4(1470 1471 1492 1491)
4(1491 1492 1513 1512)
4(1512 1513 1534 1533)
4(1533 1534 1555 1554)
4(1554 1555 1576 1575)
4(1575 1576 1597 1596)
4(1596 1597 1618 1617)
4(1617 1618 1639 1638)
4(1638 1639 1660 1659)
4(1659 1660 1681 1680)
4(1680 1681 1702 1701)
4(1701 1702 1723 1722)
4(1722 1723 1744 1743)
4(1743 1744 1765 1764)
4(1764 1765 1786 1785)
4(1785 1786 1807 1806)
4(1806 1807 1828 1827)
4(1827 1828 1849 1848)
4(1848 1849 1870 1869)
4(1869 1870 1891 1890)
4(1890 1891 1912 1911)
4(1911 1912 1933 1932)
4(1932 1933 1954 1953)
4(1953 1954 1975 1974)
4(1974 1975 1996 1995)
4(1995 1996 2017 2016)
4(2016 2017 2038 2037)
4(2037 2038 2059 2058)
4(2058 2059 2080 2079)
4(2079 2080 2101 2100)
4(2100 2101 2122 2121)
4(1912 1891 1892 1913)
4(1913 1892 1893 1914)
4(1914 1893 1894 1915)
4(1915 1894 1895 1916)
4(1916 1895 1896 1917)
4(1917 1896 1897 1918)
4(1918 1897 1898 1919)
4(1919 1898 1899 1920)
4(1920 1899 1900 1921)
4(1921 1900 1901 1922)
4(1922 1901 1902 1923)
4(1923 1902 1903 1924)
4(1923 1924 1945 1944)
4(1944 1945 1966 1965)
4(1965 1966 1987 1986)
4(1986 1987 2008 2007)
4(2007 2008 2029 2028)
4(2028 2029 2050 2049)
4(2049 2050 2071 2070)
4(2070 2071 2092 2091)
4(2091 2092 2113 2112)
4(2113 2092 2093 2114)
4(2114 2093 2094 2115)
4(2115 2094 2095 2116)
4(2116 2095 2096 2117)
4(2117 2096 2097 2118)
4(2118 2097 2098 2119)
4(2098 2097 2076 2077)
4(2077 2076 2055 2056)
4(2056 2055 2034 2035)
4(2035 2034 2013 2014)
4(2014 2013 1992 1993)
4(1993 1992 1971 1972)
4(1972 1971 1950 1951)
4(1951 1950 1929 1930)
4(1930 1929 1908 1909)
4(1909 1908 1887 1888)
4(1888 1887 1866 1867)
4(1867 1866 1845 1846)
4(1846 1845 1824 1825)
4(1825 1824 1803 1804)
4(1804 1803 1782 1783)
4(1783 1782 1761 1762)
4(1762 1761 1740 1741)
4(1741 1740 1719 1720)
4(1720 1719 1698 1699)
4(1699 1698 1677 1678)
4(1678 1677 1656 1657)
4(1657 1656 1635 1636)
4(1636 1635 1614 1615)
4(1615 1614 1593 1594)
4(1594 1593 1572 1573)
4(1573 1572 1551 1552)
4(1552 1551 1530 1531)
4(1531 1530 1509 1510)
4(1510 1509 1488 1489)
4(1489 1488 1467 1468)
4(1468 1467 1446 1447)
4(1447 1446 1425 1426)
4(1426 1425 1404 1405)
4(1405 1404 1383 1384)
4(1384 1383 1362 1363)
4(1363 1362 1341 1342)
4(1342 1341 1320 1321)
4(1321 1320 1299 1300)
4(1300 1299 1278 1279)
4(1279 1278 1257 1258)
4(1258 1257 1236 1237)
4(1237 1236 1215 1216)
4(1216 1215 1194 1195)
4(1195 1194 1173 1174)
4(1174 1173 1152 1153)
4(1153 1152 1131 1132)
4(1132 1131 1110 1111)
4(1110 1131 1130 1109)
4(1109 1130 1129 1108)
4(1108 1129 1128 1107)
4(1107 1128 1127 1106)
4(1106 1127 1126 1105)
4(1105 1126 1125 1104)
4(1104 1125 1124 1103)
4(1103 1124 1123 1102)
4(1102 1123 1122 1101)
4(1101 1122 1121 1100)
4(1100 1121 1120 1099)
4(1099 1120 1119 1098)
4(1098 1119 1118 1097)
4(1097 1118 1117 1096)
4(1096 1117 1116 1095)
4(1095 1116 1115 1094)
4(1094 1115 1114 1093)
4(1114 1115 1136 1135)
4(1135 1136 1157 1156)
4(1156 1157 1178 1177)
4(1177 1178 1199 1198)
4(1198 1199 1220 1219)
4(1219 1220 1241 1240)
4(1240 1241 1262 1261)
4(1261 1262 1283 1282)
4(1282 1283 1304 1303)
4(1303 1304 1325 1324)
4(1324 1325 1346 1345)
4(1345 1346 1367 1366)
4(1366 1367 1388 1387)
4(1387 1388 1409 1408)
4(1408 1409 1430 1429)
4(1429 1430 1451 1450)
4(1450 1451 1472 1471)
4(1471 1472 1493 1492)
4(1492 1493 1514 1513)
4(1513 1514 1535 1534)
4(1534 1535 1556 1555)
4(1555 1556 1577 1576)
4(1576 1577 1598 1597)
4(1597 1598 1619 1618)
4(1618 1619 1640 1639)
4(1639 1640 1661 1660)
4(1660 1661 1682 1681)
4(1681 1682 1703 1702)
4(1702 1703 1724 1723)
4(1723 1724 1745 1744)
4(1744 1745 1766 1765)
4(1765 1766 1787 1786)
4(1786 1787 1808 1807)
4(1807 1808 1829 1828)
4(1828 1829 1850 1849)
4(1849 1850 1871 1870)
4(1870 1871 1892 1891)
4(1892 1871 1872 1893)
4(1893 1872 1873 1894)
4(1894 1873 1874 1895)
4(1895 1874 1875 1896)
4(1896 1875 1876 1897)
4(1897 1876 1877 1898)
4(1898 1877 1878 1899)
4(1899 1878 1879 1900)
4(1900 1879 1880 1901)
4(1901 1880 1881 1902)
4(1902 1881 1882 1903)
4(1903 1882 1883 1904)
4(1903 1904 1925 1924)
4(1924 1925 1946 1945)
4(1945 1946 1967 1966)
4(1966 1967 1988 1987)
4(1987 1988 2009 2008)
4(2008 2009 2030 2029)
4(2029 2030 2051 2050)
4(2050 2051 2072 2071)
4(2071 2072 2093 2092)
4(2093 2072 2073 2094)
4(2094 2073 2074 2095)
4(2095 2074 2075 2096)
4(2096 2075 2076 2097)
4(2076 2075 2054 2055)
4(2055 2054 2033 2034)
4(2034 2033 2012 2013)
4(2013 2012 1991 1992)
4(1992 1991 1970 1971)
4(1971 1970 1949 1950)
4(1950 1949 1928 1929)
4(1929 1928 1907 1908)
4(1908 1907 1886 1887)
4(1887 1886 1865 1866)
4(1866 1865 1844 1845)
4(1845 1844 1823 1824)
4(1824 1823 1802 1803)
4(1803 1802 1781 1782)
4(1782 1781 1760 1761)
4(1761 1760 1739 1740)
4(1740 1739 1718 1719)
4(1719 1718 1697 1698)
4(1698 1697 1676 1677)
4(1677 1676 1655 1656)
4(1656 1655 1634 1635)
4(1635 1634 1613 1614)
4(1614 1613 1592 1593)
4(1593 1592 1571 1572)
4(1572 1571 1550 1551)
4(1551 1550 1529 1530)
4(1530 1529 1508 1509)
4(1509 1508 1487 1488)
4(1488 1487 1466 1467)
4(1467 1466 1445 1446)
4(1446 1445 1424 1425)
4(1425 1424 1403 1404)
4(1404 1403 1382 1383)
4(1383 1382 1361 1362)
4(1362 1361 1340 1341)
4(1341 1340 1319 1320)
4(1320 1319 1298 1299)
4(1299 1298 1277 1278)
4(1278 1277 1256 1257)
4(1257 1256 1235 1236)
4(1236 1235 1214 1215)
4(1215 1214 1193 1194)
4(1194 1193 1172 1173)
4(1173 1172 1151 1152)
4(1152 1151 1130 1131)
4(1130 1151 1150 1129)
4(1129 1150 1149 1128)
4(1128 1149 1148 1127)
4(1127 1148 1147 1126)
4(1126 1147 1146 1125)
4(1125 1146 1145 1124)
4(1124 1145 1144 1123)
4(1123 1144 1143 1122)
4(1122 1143 1142 1121)
4(1121 1142 1141 1120)
4(1120 1141 1140 1119)
4(1119 1140 1139 1118)
4(1118 1139 1138 1117)
4(1117 1138 1137 1116)
4(1116 1137 1136 1115)
4(1136 1137 1158 1157)
4(1157 1158 1179 1178)
4(1178 1179 1200 1199)
4(1199 1200 1221 1220)
4(1220 1221 1242 1241)
4(1241 1242 1263 1262)
4(1262 1263 1284 1283)
4(1283 1284 1305 1304)
4(1304 1305 1326 1325)
4(1325 1326 1347 1346)
4(1346 1347 1368 1367)
4(1367 1368 1389 1388)
4(1388 1389 1410 1409)
4(1409 1410 1431 1430)
4(1430 1431 1452 1451)
4(1451 1452 1473 1472)
4(1472 1473 1494 1493)
4(1493 1494 1515 1514)
4(1514 1515 1536 1535)
4(1535 1536 1557 1556)
4(1556 1557 1578 1577)
4(1577 1578 1599 1598)
4(1598 1599 1620 1619)
4(1619 1620 1641 1640)
4(1640 1641 1662 1661)
4(1661 1662 1683 1682)
4(1682 1683 1704 1703)
4(1703 1704 1725 1724)
4(1724 1725 1746 1745)
4(1745 1746 1767 1766)
4(1766 1767 1788 1787)
4(1787 1788 1809 1808)
4(1808 1809 1830 1829)
4(1829 1830 1851 1850)
4(1850 1851 1872 1871)
4(1872 1851 1852 1873)
4(1873 1852 1853 1874)
4(1874 1853 1854 1875)
4(1875 1854 1855 1876)
4(1876 1855 1856 1877)
4(1877 1856 1857 1878)
4(1878 1857 1858 1879)
4(1879 1858 1859 1880)
4(1880 1859 1860 1881)
4(1881 1860 1861 1882)
4(1882 1861 1862 1883)
4(1883 1862 1863 1884)
4(1883 1884 1905 1904)
4(1904 1905 1926 1925)
4(1925 1926 1947 1946)
4(1946 1947 1968 1967)
4(1967 1968 1989 1988)
4(1988 1989 2010 2009)
4(2009 2010 2031 2030)
4(2030 2031 2052 2051)
4(2051 2052 2073 2072)
4(2073 2052 2053 2074)
4(2074 2053 2054 2075)
4(2054 2053 2032 2033)
4(2033 2032 2011 2012)
4(2012 2011 1990 1991)
4(1991 1990 1969 1970)
4(1970 1969 1948 1949)
4(1949 1948 1927 1928)
4(1928 1927 1906 1907)
4(1907 1906 1885 1886)
4(1886 1885 1864 1865)
4(1865 1864 1843 1844)
4(1844 1843 1822 1823)
4(1823 1822 1801 1802)
4(1802 1801 1780 1781)
4(1781 1780 1759 1760)
4(1760 1759 1738 1739)
4(1739 1738 1717 1718)
4(1718 1717 1696 1697)
4(1697 1696 1675 1676)
4(1676 1675 1654 1655)
4(1655 1654 1633 1634)
4(1634 1633 1612 1613)
4(1613 1612 1591 1592)
4(1592 1591 1570 1571)
4(1571 1570 1549 1550)
4(1550 1549 1528 1529)
4(1529 1528 1507 1508)
4(1508 1507 1486 1487)
4(1487 1486 1465 1466)
4(1466 1465 1444 1445)
4(1445 1444 1423 1424)
4(1424 1423 1402 1403)
4(1403 1402 1381 1382)
4(1382 1381 1360 1361)
4(1361 1360 1339 1340)
4(1340 1339 1318 1319)
4(1319 1318 1297 1298)
4(1298 1297 1276 1277)
4(1277 1276 1255 1256)
4(1256 1255 1234 1235)
4(1235 1234 1213 1214)
4(1214 1213 1192 1193)
4(1193 1192 1171 1172)
4(1172 1171 1150 1151)
4(1150 1171 1170 1149)
4(1149 1170 1169 1148)
4(1148 1169 1168 1147)
4(1147 1168 1167 1146)
4(1146 1167 1166 1145)
4(1145 1166 1165 1144)
4(1144 1165 1164 1143)
4(1143 1164 1163 1142)
4(1142 1163 1162 1141)
4(1141 1162 1161 1140)
4(1140 1161 1160 1139)
4(1139 1160 1159 1138)
4(1138 1159 1158 1137)
4(1158 1159 1180 1179)
4(1179 1180 1201 1200)
4(1200 1201 1222 1221)
4(1221 1222 1243 1242)
4(1242 1243 1264 1263)
4(1263 1264 1285 1284)
4(1284 1285 1306 1305)
4(1305 1306 1327 1326)
4(1326 1327 1348 1347)
4(1347 1348 1369 1368)
4(1368 1369 1390 1389)
4(1389 1390 1411 1410)
4(1410 1411 1432 1431)
4(1431 1432 1453 1452)
4(1452 1453 1474 1473)
4(1473 1474 1495 1494)
4(1494 1495 1516 1515)
4(1515 1516 1537 1536)
4(1536 1537 1558 1557)
4(1557 1558 1579 1578)
4(1578 1579 1600 1599)
4(1599 1600 1621 1620)
4(1620 1621 1642 1641)
4(1641 1642 1663 1662)
4(1662 1663 1684 1683)
4(1683 1684 1705 1704)
4(1704 1705 1726 1725)
4(1725 1726 1747 1746)
4(1746 1747 1768 1767)
4(1767 1768 1789 1788)
4(1788 1789 1810 1809)
4(1809 1810 1831 1830)
4(1830 1831 1852 1851)
4(1852 1831 1832 1853)
4(1853 1832 1833 1854)
4(1854 1833 1834 1855)
4(1855 1834 1835 1856)
4(1856 1835 1836 1857)
4(1857 1836 1837 1858)
4(1858 1837 1838 1859)
4(1859 1838 1839 1860)
4(1860 1839 1840 1861)
4(1861 1840 1841 1862)
4(1862 1841 1842 1863)
4(1863 1842 1843 1864)
4(1863 1864 1885 1884)
4(1884 1885 1906 1905)
4(1905 1906 1927 1926)
4(1926 1927 1948 1947)
4(1947 1948 1969 1968)
4(1968 1969 1990 1989)
4(1989 1990 2011 2010)
4(2010 2011 2032 2031)
4(2031 2032 2053 2052)
4(1843 1842 1821 1822)
4(1822 1821 1800 1801)
4(1801 1800 1779 1780)
4(1780 1779 1758 1759)
4(1759 1758 1737 1738)
4(1738 1737 1716 1717)
4(1717 1716 1695 1696)
4(1696 1695 1674 1675)
4(1675 1674 1653 1654)
4(1654 1653 1632 1633)
4(1633 1632 1611 1612)
4(1612 1611 1590 1591)
4(1591 1590 1569 1570)
4(1570 1569 1548 1549)
4(1549 1548 1527 1528)
4(1528 1527 1506 1507)
4(1507 1506 1485 1486)
4(1486 1485 1464 1465)
4(1465 1464 1443 1444)
4(1444 1443 1422 1423)
4(1423 1422 1401 1402)
4(1402 1401 1380 1381)
4(1381 1380 1359 1360)
4(1360 1359 1338 1339)
4(1339 1338 1317 1318)
4(1318 1317 1296 1297)
4(1297 1296 1275 1276)
4(1276 1275 1254 1255)
4(1255 1254 1233 1234)
4(1234 1233 1212 1213)
4(1213 1212 1191 1192)
4(1192 1191 1170 1171)
4(1170 1191 1190 1169)
4(1169 1190 1189 1168)
4(1168 1189 1188 1167)
4(1167 1188 1187 1166)
4(1166 1187 1186 1165)
4(1165 1186 1185 1164)
4(1164 1185 1184 1163)
4(1163 1184 1183 1162)
4(1162 1183 1182 1161)
4(1161 1182 1181 1160)
4(1160 1181 1180 1159)
4(1180 1181 1202 1201)
4(1201 1202 1223 1222)
4(1222 1223 1244 1243)
4(1243 1244 1265 1264)
4(1264 1265 1286 1285)
4(1285 1286 1307 1306)
4(1306 1307 1328 1327)
4(1327 1328 1349 1348)
4(1348 1349 1370 1369)
4(1369 1370 1391 1390)
4(1390 1391 1412 1411)
4(1411 1412 1433 1432)
4(1432 1433 1454 1453)
4(1453 1454 1475 1474)
4(1474 1475 1496 1495)
4(1495 1496 1517 1516)
4(1516 1517 1538 1537)
4(1537 1538 1559 1558)
4(1558 1559 1580 1579)
4(1579 1580 1601 1600)
4(1600 1601 1622 1621)
4(1621 1622 1643 1642)
4(1642 1643 1664 1663)
4(1663 1664 1685 1684)
4(1684 1685 1706 1705)
4(1705 1706 1727 1726)
4(1726 1727 1748 1747)
4(1747 1748 1769 1768)
4(1768 1769 1790 1789)
4(1789 1790 1811 1810)
4(1810 1811 1832 1831)
4(1832 1811 1812 1833)
4(1833 1812 1813 1834)
4(1834 1813 1814 1835)
4(1835 1814 1815 1836)
4(1836 1815 1816 1837)
4(1837 1816 1817 1838)
4(1838 1817 1818 1839)
4(1839 1818 1819 1840)
4(1840 1819 1820 1841)
4(1841 1820 1821 1842)
4(1821 1820 1799 1800)
4(1800 1799 1778 1779)
4(1779 1778 1757 1758)
4(1758 1757 1736 1737)
4(1737 1736 1715 1716)
4(1716 1715 1694 1695)
4(1695 1694 1673 1674)
4(1674 1673 1652 1653)
4(1653 1652 1631 1632)
4(1632 1631 1610 1611)
4(1611 1610 1589 1590)
4(1590 1589 1568 1569)
4(1569 1568 1547 1548)
4(1548 1547 1526 1527)
4(1527 1526 1505 1506)
4(1506 1505 1484 1485)
4(1485 1484 1463 1464)
4(1464 1463 1442 1443)
4(1443 1442 1421 1422)
4(1422 1421 1400 1401)
4(1401 1400 1379 1380)
4(1380 1379 1358 1359)
4(1359 1358 1337 1338)
4(1338 1337 1316 1317)
4(1317 1316 1295 1296)
4(1296 1295 1274 1275)
4(1275 1274 1253 1254)
4(1254 1253 1232 1233)
4(1233 1232 1211 1212)
4(1212 1211 1190 1191)
4(1190 1211 1210 1189)
4(1189 1210 1209 1188)
4(1188 1209 1208 1187)
4(1187 1208 1207 1186)
4(1186 1207 1206 1185)
4(1185 1206 1205 1184)
4(1184 1205 1204 1183)
4(1183 1204 1203 1182)
4(1182 1203 1202 1181)
4(1202 1203 1224 1223)
4(1223 1224 1245 1244)
4(1244 1245 1266 1265)
4(1265 1266 1287 1286)
4(1286 1287 1308 1307)
4(1307 1308 1329 1328)
4(1328 1329 1350 1349)
4(1349 1350 1371 1370)
4(1370 1371 1392 1391)
4(1391 1392 1413 1412)
4(1412 1413 1434 1433)
4(1433 1434 1455 1454)
4(1454 1455 1476 1475)
4(1475 1476 1497 1496)
4(1496 1497 1518 1517)
4(1517 1518 1539 1538)
4(1538 1539 1560 1559)
4(1559 1560 1581 1580)
4(1580 1581 1602 1601)
4(1601 1602 1623 1622)
4(1622 1623 1644 1643)
4(1643 1644 1665 1664)
4(1664 1665 1686 1685)
4(1685 1686 1707 1706)
4(1706 1707 1728 1727)
4(1727 1728 1749 1748)
4(1748 1749 1770 1769)
4(1769 1770 1791 1790)
4(1790 1791 1812 1811)
4(1812 1791 1792 1813)
4(1813 1792 1793 1814)
4(1814 1793 1794 1815)
4(1815 1794 1795 1816)
4(1816 1795 1796 1817)
4(1817 1796 1797 1818)
4(1818 1797 1798 1819)
4(1819 1798 1799 1820)
4(1799 1798 1777 1778)
4(1778 1777 1756 1757)
4(1757 1756 1735 1736)
4(1736 1735 1714 1715)
4(1715 1714 1693 1694)
4(1694 1693 1672 1673)
4(1673 1672 1651 1652)
4(1652 1651 1630 1631)
4(1631 1630 1609 1610)
4(1610 1609 1588 1589)
4(1589 1588 1567 1568)
4(1568 1567 1546 1547)
4(1547 1546 1525 1526)
4(1526 1525 1504 1505)
4(1505 1504 1483 1484)
4(1484 1483 1462 1463)
4(1463 1462 1441 1442)
4(1442 1441 1420 1421)
4(1421 1420 1399 1400)
4(1400 1399 1378 1379)
4(1379 1378 1357 1358)
4(1358 1357 1336 1337)
4(1337 1336 1315 1316)
4(1316 1315 1294 1295)
4(1295 1294 1273 1274)
4(1274 1273 1252 1253)
4(1253 1252 1231 1232)
4(1232 1231 1210 1211)
4(1210 1231 1230 1209)
4(1209 1230 1229 1208)
4(1208 1229 1228 1207)
4(1207 1228 1227 1206)
4(1206 1227 1226 1205)
4(1205 1226 1225 1204)
4(1204 1225 1224 1203)
4(1224 1225 1246 1245)
4(1245 1246 1267 1266)
4(1266 1267 1288 1287)
4(1287 1288 1309 1308)
4(1308 1309 1330 1329)
4(1329 1330 1351 1350)
4(1350 1351 1372 1371)
4(1371 1372 1393 1392)
4(1392 1393 1414 1413)
4(1413 1414 1435 1434)
4(1434 1435 1456 1455)
4(1455 1456 1477 1476)
4(1476 1477 1498 1497)
4(1497 1498 1519 1518)
4(1518 1519 1540 1539)
4(1539 1540 1561 1560)
4(1560 1561 1582 1581)
4(1581 1582 1603 1602)
4(1602 1603 1624 1623)
4(1623 1624 1645 1644)
4(1644 1645 1666 1665)
4(1665 1666 1687 1686)
4(1686 1687 1708 1707)
4(1707 1708 1729 1728)
4(1728 1729 1750 1749)
4(1749 1750 1771 1770)
4(1770 1771 1792 1791)
4(1792 1771 1772 1793)
4(1793 1772 1773 1794)
4(1794 1773 1774 1795)
4(1795 1774 1775 1796)
4(1796 1775 1776 1797)
4(1797 1776 1777 1798)
4(1777 1776 1755 1756)
4(1756 1755 1734 1735)
4(1735 1734 1713 1714)
4(1714 1713 1692 1693)
4(1693 1692 1671 1672)
4(1672 1671 1650 1651)
4(1651 1650 1629 1630)
4(1630 1629 1608 1609)
4(1609 1608 1587 1588)
4(1588 1587 1566 1567)
4(1567 1566 1545 1546)
4(1546 1545 1524 1525)
4(1525 1524 1503 1504)
4(1504 1503 1482 1483)
4(1483 1482 1461 1462)
4(1462 1461 1440 1441)
4(1441 1440 1419 1420)
4(1420 1419 1398 1399)
4(1399 1398 1377 1378)
4(1378 1377 1356 1357)
4(1357 1356 1335 1336)
4(1336 1335 1314 1315)
4(1315 1314 1293 1294)
4(1294 1293 1272 1273)
4(1273 1272 1251 1252)
4(1252 1251 1230 1231)
4(1230 1251 1250 1229)
4(1229 1250 1249 1228)
4(1228 1249 1248 1227)
4(1227 1248 1247 1226)
4(1226 1247 1246 1225)
4(1246 1247 1268 1267)
4(1267 1268 1289 1288)
4(1288 1289 1310 1309)
4(1309 1310 1331 1330)
4(1330 1331 1352 1351)
4(1351 1352 1373 1372)
4(1372 1373 1394 1393)
4(1393 1394 1415 1414)
4(1414 1415 1436 1435)
4(1435 1436 1457 1456)
4(1456 1457 1478 1477)
4(1477 1478 1499 1498)
4(1498 1499 1520 1519)
4(1519 1520 1541 1540)
4(1540 1541 1562 1561)
4(1561 1562 1583 1582)
4(1582 1583 1604 1603)
4(1603 1604 1625 1624)
4(1624 1625 1646 1645)
4(1645 1646 1667 1666)
4(1666 1667 1688 1687)
4(1687 1688 1709 1708)
4(1708 1709 1730 1729)
4(1729 1730 1751 1750)
4(1750 1751 1772 1771)
4(1772 1751 1752 1773)
4(1773 1752 1753 1774)
4(1774 1753 1754 1775)
4(1775 1754 1755 1776)
4(1755 1754 1733 1734)
4(1734 1733 1712 1713)
4(1713 1712 1691 1692)
4(1692 1691 1670 1671)
4(1671 1670 1649 1650)
4(1650 1649 1628 1629)
4(1629 1628 1607 1608)
4(1608 1607 1586 1587)
4(1587 1586 1565 1566)
4(1566 1565 1544 1545)
4(1545 1544 1523 1524)
4(1524 1523 1502 1503)
4(1503 1502 1481 1482)
4(1482 1481 1460 1461)
4(1461 1460 1439 1440)
4(1440 1439 1418 1419)
4(1419 1418 1397 1398)
4(1398 1397 1376 1377)
4(1377 1376 1355 1356)
4(1356 1355 1334 1335)
4(1335 1334 1313 1314)
4(1314 1313 1292 1293)
4(1293 1292 1271 1272)
4(1272 1271 1250 1251)
4(1250 1271 1270 1249)
4(1249 1270 1269 1248)
4(1248 1269 1268 1247)
4(1268 1269 1290 1289)
4(1289 1290 1311 1310)
4(1310 1311 1332 1331)
4(1331 1332 1353 1352)
4(1352 1353 1374 1373)
4(1373 1374 1395 1394)
4(1394 1395 1416 1415)
4(1415 1416 1437 1436)
4(1436 1437 1458 1457)
4(1457 1458 1479 1478)
4(1478 1479 1500 1499)
4(1499 1500 1521 1520)
4(1520 1521 1542 1541)
4(1541 1542 1563 1562)
4(1562 1563 1584 1583)
4(1583 1584 1605 1604)
4(1604 1605 1626 1625)
4(1625 1626 1647 1646)
4(1646 1647 1668 1667)
4(1667 1668 1689 1688)
4(1688 1689 1710 1709)
4(1709 1710 1731 1730)
4(1730 1731 1752 1751)
4(1752 1731 1732 1753)
4(1753 1732 1733 1754)
4(1733 1732 1711 1712)
4(1712 1711 1690 1691)
4(1691 1690 1669 1670)
4(1670 1669 1648 1649)
4(1649 1648 1627 1628)
4(1628 1627 1606 1607)
4(1607 1606 1585 1586)
4(1586 1585 1564 1565)
4(1565 1564 1543 1544)
4(1544 1543 1522 1523)
4(1523 1522 1501 1502)
4(1502 1501 1480 1481)
4(1481 1480 1459 1460)
4(1460 1459 1438 1439)
4(1439 1438 1417 1418)
4(1418 1417 1396 1397)
4(1397 1396 1375 1376)
4(1376 1375 1354 1355)
4(1355 1354 1333 1334)
4(1334 1333 1312 1313)
4(1313 1312 1291 1292)
4(1292 1291 1270 1271)
4(1270 1291 1290 1269)
4(1290 1291 1312 1311)
4(1311 1312 1333 1332)
4(1332 1333 1354 1353)
4(1353 1354 1375 1374)
4(1374 1375 1396 1395)
4(1395 1396 1417 1416)
4(1416 1417 1438 1437)
4(1437 1438 1459 1458)
4(1458 1459 1480 1479)
4(1479 1480 1501 1500)
4(1500 1501 1522 1521)
4(1521 1522 1543 1542)
4(1542 1543 1564 1563)
4(1563 1564 1585 1584)
4(1584 1585 1606 1605)
4(1605 1606 1627 1626)
4(1626 1627 1648 1647)
4(1647 1648 1669 1668)
4(1668 1669 1690 1689)
4(1689 1690 1711 1710)
4(1710 1711 1732 1731)
)


// ************************************************************************* //
