/*--------------------------------*- C++ -*----------------------------------*\
  =========                 |
  \\      /  F ield         | OpenFOAM: The Open Source CFD Toolbox
   \\    /   O peration     | Website:  https://openfoam.org
    \\  /    A nd           | Version:  9
     \\/     M anipulation  |
\*---------------------------------------------------------------------------*/
FoamFile
{
    format      ascii;
    class       vectorField;
    location    "constant/polyMesh";
    object      points;
}
// * * * * * * * * * * * * * * * * * * * * * * * * * * * * * * * * * * * * * //


324
(
(0 0 0)
(0.1 0 0)
(0 0.004960827508 0)
(0.1 0.004960827508 0)
(0 0.01048353608 0)
(0.1 0.01048353608 0)
(0 0.01663176639 0)
(0.1 0.01663176639 0)
(0 0.02347636724 0)
(0.1 0.02347636724 0)
(0 0.03109621208 0)
(0.1 0.03109621208 0)
(0 0.03957910779 0)
(0.1 0.03957910779 0)
(0 0.04902280661 0)
(0.1 0.04902280661 0)
(0 0.05953613255 0)
(0.1 0.05953613255 0)
(0 0.07124023538 0)
(0.1 0.07124023538 0)
(0 0.08426998676 0)
(0.1 0.08426998676 0)
(0 0.09877553439 0)
(0.1 0.09877553439 0)
(0 0.1149240322 0)
(0.1 0.1149240322 0)
(0 0.1329015667 0)
(0.1 0.1329015667 0)
(0 0.152915301 0)
(0.1 0.152915301 0)
(0 0.1751958625 0)
(0.1 0.1751958625 0)
(0 0.2 0)
(0.1 0.2 0)
(0 0.2333333333 0)
(0.1 0.2333333333 0)
(0 0.2666666667 0)
(0.1 0.2666666667 0)
(0 0.3 0)
(0.1 0.3 0)
(0 0.3333333333 0)
(0.1 0.3333333333 0)
(0 0.3666666667 0)
(0.1 0.3666666667 0)
(0 0.4 0)
(0.1 0.4 0)
(0 0.4333333333 0)
(0.1 0.4333333333 0)
(0 0.4666666667 0)
(0.1 0.4666666667 0)
(0 0.5 0)
(0.1 0.5 0)
(0 0.5333333333 0)
(0.1 0.5333333333 0)
(0 0.5666666667 0)
(0.1 0.5666666667 0)
(0 0.6 0)
(0.1 0.6 0)
(0 0.6333333333 0)
(0.1 0.6333333333 0)
(0 0.6666666667 0)
(0.1 0.6666666667 0)
(0 0.7 0)
(0.1 0.7 0)
(0 0.7333333333 0)
(0.1 0.7333333333 0)
(0 0.7666666667 0)
(0.1 0.7666666667 0)
(0 0.8 0)
(0.1 0.8 0)
(0 0.8333333333 0)
(0.1 0.8333333333 0)
(0 0.8666666667 0)
(0.1 0.8666666667 0)
(0 0.9 0)
(0.1 0.9 0)
(0 0.9333333333 0)
(0.1 0.9333333333 0)
(0 0.9666666667 0)
(0.1 0.9666666667 0)
(0 1 0)
(0.1 1 0)
(0 1.033333333 0)
(0.1 1.033333333 0)
(0 1.066666667 0)
(0.1 1.066666667 0)
(0 1.1 0)
(0.1 1.1 0)
(0 1.133333333 0)
(0.1 1.133333333 0)
(0 1.166666667 0)
(0.1 1.166666667 0)
(0 1.2 0)
(0.1 1.2 0)
(0 1.233333333 0)
(0.1 1.233333333 0)
(0 1.266666667 0)
(0.1 1.266666667 0)
(0 1.3 0)
(0.1 1.3 0)
(0 1.333333333 0)
(0.1 1.333333333 0)
(0 1.366666667 0)
(0.1 1.366666667 0)
(0 1.4 0)
(0.1 1.4 0)
(0 1.433333333 0)
(0.1 1.433333333 0)
(0 1.466666667 0)
(0.1 1.466666667 0)
(0 1.5 0)
(0.1 1.5 0)
(0 1.533333333 0)
(0.1 1.533333333 0)
(0 1.566666667 0)
(0.1 1.566666667 0)
(0 1.6 0)
(0.1 1.6 0)
(0 1.633333333 0)
(0.1 1.633333333 0)
(0 1.666666667 0)
(0.1 1.666666667 0)
(0 1.7 0)
(0.1 1.7 0)
(0 1.733333333 0)
(0.1 1.733333333 0)
(0 1.766666667 0)
(0.1 1.766666667 0)
(0 1.8 0)
(0.1 1.8 0)
(0 1.824804138 0)
(0.1 1.824804138 0)
(0 1.847084699 0)
(0.1 1.847084699 0)
(0 1.867098433 0)
(0.1 1.867098433 0)
(0 1.885075968 0)
(0.1 1.885075968 0)
(0 1.901224466 0)
(0.1 1.901224466 0)
(0 1.915730013 0)
(0.1 1.915730013 0)
(0 1.928759765 0)
(0.1 1.928759765 0)
(0 1.940463867 0)
(0.1 1.940463867 0)
(0 1.950977193 0)
(0.1 1.950977193 0)
(0 1.960420892 0)
(0.1 1.960420892 0)
(0 1.968903788 0)
(0.1 1.968903788 0)
(0 1.976523633 0)
(0.1 1.976523633 0)
(0 1.983368234 0)
(0.1 1.983368234 0)
(0 1.989516464 0)
(0.1 1.989516464 0)
(0 1.995039172 0)
(0.1 1.995039172 0)
(0 2 0)
(0.1 2 0)
(0 0 0.1)
(0.1 0 0.1)
(0 0.004960827508 0.1)
(0.1 0.004960827508 0.1)
(0 0.01048353608 0.1)
(0.1 0.01048353608 0.1)
(0 0.01663176639 0.1)
(0.1 0.01663176639 0.1)
(0 0.02347636724 0.1)
(0.1 0.02347636724 0.1)
(0 0.03109621208 0.1)
(0.1 0.03109621208 0.1)
(0 0.03957910779 0.1)
(0.1 0.03957910779 0.1)
(0 0.04902280661 0.1)
(0.1 0.04902280661 0.1)
(0 0.05953613255 0.1)
(0.1 0.05953613255 0.1)
(0 0.07124023538 0.1)
(0.1 0.07124023538 0.1)
(0 0.08426998676 0.1)
(0.1 0.08426998676 0.1)
(0 0.09877553439 0.1)
(0.1 0.09877553439 0.1)
(0 0.1149240322 0.1)
(0.1 0.1149240322 0.1)
(0 0.1329015667 0.1)
(0.1 0.1329015667 0.1)
(0 0.152915301 0.1)
(0.1 0.152915301 0.1)
(0 0.1751958625 0.1)
(0.1 0.1751958625 0.1)
(0 0.2 0.1)
(0.1 0.2 0.1)
(0 0.2333333333 0.1)
(0.1 0.2333333333 0.1)
(0 0.2666666667 0.1)
(0.1 0.2666666667 0.1)
(0 0.3 0.1)
(0.1 0.3 0.1)
(0 0.3333333333 0.1)
(0.1 0.3333333333 0.1)
(0 0.3666666667 0.1)
(0.1 0.3666666667 0.1)
(0 0.4 0.1)
(0.1 0.4 0.1)
(0 0.4333333333 0.1)
(0.1 0.4333333333 0.1)
(0 0.4666666667 0.1)
(0.1 0.4666666667 0.1)
(0 0.5 0.1)
(0.1 0.5 0.1)
(0 0.5333333333 0.1)
(0.1 0.5333333333 0.1)
(0 0.5666666667 0.1)
(0.1 0.5666666667 0.1)
(0 0.6 0.1)
(0.1 0.6 0.1)
(0 0.6333333333 0.1)
(0.1 0.6333333333 0.1)
(0 0.6666666667 0.1)
(0.1 0.6666666667 0.1)
(0 0.7 0.1)
(0.1 0.7 0.1)
(0 0.7333333333 0.1)
(0.1 0.7333333333 0.1)
(0 0.7666666667 0.1)
(0.1 0.7666666667 0.1)
(0 0.8 0.1)
(0.1 0.8 0.1)
(0 0.8333333333 0.1)
(0.1 0.8333333333 0.1)
(0 0.8666666667 0.1)
(0.1 0.8666666667 0.1)
(0 0.9 0.1)
(0.1 0.9 0.1)
(0 0.9333333333 0.1)
(0.1 0.9333333333 0.1)
(0 0.9666666667 0.1)
(0.1 0.9666666667 0.1)
(0 1 0.1)
(0.1 1 0.1)
(0 1.033333333 0.1)
(0.1 1.033333333 0.1)
(0 1.066666667 0.1)
(0.1 1.066666667 0.1)
(0 1.1 0.1)
(0.1 1.1 0.1)
(0 1.133333333 0.1)
(0.1 1.133333333 0.1)
(0 1.166666667 0.1)
(0.1 1.166666667 0.1)
(0 1.2 0.1)
(0.1 1.2 0.1)
(0 1.233333333 0.1)
(0.1 1.233333333 0.1)
(0 1.266666667 0.1)
(0.1 1.266666667 0.1)
(0 1.3 0.1)
(0.1 1.3 0.1)
(0 1.333333333 0.1)
(0.1 1.333333333 0.1)
(0 1.366666667 0.1)
(0.1 1.366666667 0.1)
(0 1.4 0.1)
(0.1 1.4 0.1)
(0 1.433333333 0.1)
(0.1 1.433333333 0.1)
(0 1.466666667 0.1)
(0.1 1.466666667 0.1)
(0 1.5 0.1)
(0.1 1.5 0.1)
(0 1.533333333 0.1)
(0.1 1.533333333 0.1)
(0 1.566666667 0.1)
(0.1 1.566666667 0.1)
(0 1.6 0.1)
(0.1 1.6 0.1)
(0 1.633333333 0.1)
(0.1 1.633333333 0.1)
(0 1.666666667 0.1)
(0.1 1.666666667 0.1)
(0 1.7 0.1)
(0.1 1.7 0.1)
(0 1.733333333 0.1)
(0.1 1.733333333 0.1)
(0 1.766666667 0.1)
(0.1 1.766666667 0.1)
(0 1.8 0.1)
(0.1 1.8 0.1)
(0 1.824804138 0.1)
(0.1 1.824804138 0.1)
(0 1.847084699 0.1)
(0.1 1.847084699 0.1)
(0 1.867098433 0.1)
(0.1 1.867098433 0.1)
(0 1.885075968 0.1)
(0.1 1.885075968 0.1)
(0 1.901224466 0.1)
(0.1 1.901224466 0.1)
(0 1.915730013 0.1)
(0.1 1.915730013 0.1)
(0 1.928759765 0.1)
(0.1 1.928759765 0.1)
(0 1.940463867 0.1)
(0.1 1.940463867 0.1)
(0 1.950977193 0.1)
(0.1 1.950977193 0.1)
(0 1.960420892 0.1)
(0.1 1.960420892 0.1)
(0 1.968903788 0.1)
(0.1 1.968903788 0.1)
(0 1.976523633 0.1)
(0.1 1.976523633 0.1)
(0 1.983368234 0.1)
(0.1 1.983368234 0.1)
(0 1.989516464 0.1)
(0.1 1.989516464 0.1)
(0 1.995039172 0.1)
(0.1 1.995039172 0.1)
(0 2 0.1)
(0.1 2 0.1)
)


// ************************************************************************* //
